label_id,patch_id,class,n_patches
0,23.7261_89.5030,2,4
4,23.2463_89.7530,1,4
5,23.2463_89.7530,2,4
14,22.6997_90.2029,2,4
20,22.7085_90.3908,1,4
24,23.8761_90.6030,2,4
25,23.8761_90.6030,2,4
28,24.3585_88.9996,2,4
29,23.6997_89.7231,2,4
33,24.4963_91.6996,2,4
37,23.8463_90.5496,2,4
38,25.0497_89.9820,2,4
39,23.8497_88.7319,1,4
42,22.3497_90.3820,2,4
43,24.3673_89.2496,2,4
44,23.3261_89.1496,2,4
49,22.1760_90.2908,2,4
58,22.7463_91.7496,1,4
60,23.8963_90.1408,2,4
61,23.8963_90.1408,2,4
70,23.9963_89.1996,1,4
71,23.9963_89.1996,1,4
73,23.6672_89.4496,1,4
83,24.9963_91.8407,2,4
85,24.4996_91.6908,2,4
86,24.4996_91.6908,2,4
87,23.9260_91.0030,2,4
90,24.5673_89.5496,2,4
93,23.6173_89.8530,2,4
95,23.6173_89.8530,2,4
98,23.9497_91.0908,2,4
99,23.9497_91.0908,2,4
100,23.1584_89.6530,1,4
104,24.3963_89.1029,2,4
106,22.6848_89.1029,1,4
111,24.6963_88.8644,1,4
119,23.1085_89.1232,2,4
125,24.5348_89.4996,2,4
131,22.7496_90.9820,1,4
135,24.6997_90.9732,2,4
136,23.4996_91.1496,2,4
137,23.4996_91.1496,2,4
140,23.8996_90.1320,2,4
143,22.9463_91.3231,2,4
145,23.9963_90.0732,2,4
146,23.9963_90.0732,2,4
149,24.1760_89.0144,2,4
151,24.0849_90.9408,2,4
152,24.0849_90.9408,2,4
156,24.9497_90.5644,2,4
163,25.4497_89.2644,1,4
170,24.2463_89.2408,2,4
176,23.2496_91.7996,1,4
177,23.1085_89.1320,2,4
183,24.2672_88.9908,2,4
188,24.0585_89.6530,1,4
190,23.6760_90.3644,2,4
193,24.0963_90.8320,2,4
194,24.5497_90.6908,2,4
195,24.5497_90.6908,2,4
197,23.9849_90.2029,2,4
199,23.6349_89.5408,2,4
201,23.7672_90.3320,2,4
202,22.8996_89.5644,2,4
203,22.5462_90.1496,1,4
211,25.5963_89.6530,2,4
213,22.7760_90.8996,2,4
231,23.9963_90.0820,2,4
233,24.1584_90.7496,2,4
238,22.3849_89.1029,2,6
239,23.7463_90.3320,2,4
245,25.0963_89.4529,2,4
247,24.0997_90.1996,2,4
248,24.0997_90.1996,2,4
249,24.3497_89.5144,2,4
250,25.1760_89.7530,2,4
260,22.6997_90.0820,2,4
264,25.0260_89.2996,2,4
265,25.0260_89.2996,2,4
270,24.1173_90.1644,2,4
278,22.7962_90.9820,2,4
279,23.9260_89.6232,2,4
280,23.9260_89.6232,2,4
285,24.2997_91.5232,2,4
302,23.7760_90.5820,2,4
303,22.7085_89.5908,2,4
305,23.5963_91.0530,2,4
309,23.3761_90.0496,2,4
310,24.7672_88.7820,2,4
311,24.7672_88.7820,2,4
317,23.7085_90.0820,2,4
319,23.1963_92.0643,1,4
320,23.1963_92.0643,1,4
341,23.6496_89.5408,2,4
346,23.9963_89.2029,1,4
347,23.9963_89.2029,1,4
348,25.0462_90.0144,2,4
350,25.0462_90.0144,2,4
353,25.0462_90.0144,1,4
359,23.9260_89.0530,1,4
361,22.7496_90.9732,1,4
362,23.1173_89.1232,2,4
364,23.1173_89.1232,2,4
366,23.8463_89.0408,1,4
367,23.8463_89.0408,1,4
368,25.1584_89.0530,2,5
372,24.9463_89.4643,2,4
373,24.0997_90.8408,2,4
374,24.8085_89.9030,2,4
375,24.1173_89.2496,1,4
377,24.7349_90.3996,1,4
379,23.1496_90.7408,1,4
381,23.7584_90.3232,1,4
384,23.7584_90.3232,2,4
390,23.9260_90.7496,2,4
395,22.5260_90.4732,2,4
397,24.9497_89.4030,2,4
411,24.7463_90.5496,2,4
416,22.5462_89.1530,2,4
417,22.5462_89.1530,2,4
425,23.6496_90.9529,2,4
426,23.6496_90.9529,2,4
427,22.9673_89.0030,2,4
433,23.4497_89.8820,2,4
437,23.2584_89.0996,2,4
438,23.4084_88.8820,2,4
441,24.6085_89.4529,2,4
442,22.9585_88.9320,2,4
444,23.0496_88.9996,2,4
451,23.5673_90.4820,2,4
456,24.3173_91.4496,2,4
458,22.3996_90.1408,2,4
461,23.1997_90.8144,1,4
475,24.9761_90.4496,2,4
476,25.1496_89.9496,2,4
480,24.6963_90.1820,2,4
484,23.8085_90.3030,2,4
490,23.2496_91.2820,2,4
501,24.3585_89.2496,2,4
503,22.9260_89.0530,2,4
504,24.9963_89.3820,2,4
506,24.9963_89.3732,2,4
507,24.8996_89.9731,1,4
509,24.7962_88.9731,2,4
510,24.6760_88.7496,1,4
511,24.1672_88.9496,1,5
512,23.9585_90.1030,2,4
514,23.2848_88.7530,1,4
516,23.1997_90.2530,2,4
517,23.1997_90.2530,2,4
526,23.3349_90.8144,2,4
529,22.8963_90.4232,1,4
538,25.0585_89.0408,2,4
542,23.8673_90.5996,2,4
551,22.6349_88.9819,2,4
558,23.8085_88.9529,1,4
559,24.7085_88.7496,2,4
560,24.5497_90.6820,2,4
562,23.3761_89.7908,2,4
563,23.5963_90.8732,2,4
564,23.5963_90.8732,2,4
569,23.7463_90.2029,2,4
570,23.7463_90.2029,2,4
571,23.7463_90.2029,2,4
572,23.7463_90.2029,2,4
576,23.6848_89.8530,2,4
577,25.0849_88.9996,2,4
579,23.8497_89.0408,1,4
580,23.8497_89.0408,1,4
605,23.8996_88.7996,1,4
609,22.6463_91.1530,2,4
622,22.9497_91.2029,2,4
623,22.9497_91.2029,2,4
624,22.9497_91.2029,1,4
625,23.9585_90.1908,2,4
627,23.9585_90.1908,2,4
629,24.5348_89.5030,2,4
630,22.0997_90.2996,2,4
641,23.3349_90.8232,2,4
643,22.9673_88.9320,2,4
645,24.0497_89.0530,1,4
646,23.2848_88.7496,1,4
651,23.0496_91.3732,2,4
653,24.2496_91.4496,2,4
654,24.2496_91.4496,2,4
666,24.4963_91.6908,2,4
667,24.4963_91.6908,2,4
671,22.8173_91.5731,2,4
672,23.1085_89.6408,1,4
676,24.8962_89.8530,2,4
682,23.8963_90.0908,2,4
687,23.6085_90.4232,2,4
694,25.0497_90.2644,2,4
700,22.1085_90.6908,2,4
702,24.4761_89.9496,2,4
703,24.0585_91.2530,2,6
704,24.0585_91.2530,2,4
710,24.7173_90.3496,2,4
711,24.6463_90.3496,2,4
713,22.1085_90.2530,2,4
714,23.6496_90.5320,2,4
715,25.4585_89.3232,2,4
721,23.6496_88.6496,2,4
725,24.2463_91.8495,2,4
726,23.6496_89.8496,2,4
728,24.9463_90.5644,2,4
733,24.9497_89.4731,2,4
737,23.5963_90.4820,2,4
739,24.4761_89.9529,2,4
740,24.5673_90.7496,2,4
747,24.9996_89.8530,2,4
749,23.5761_91.0644,2,4
750,23.5761_91.0644,2,4
751,25.1584_89.3996,2,4
752,24.7496_89.5996,2,4
764,24.3497_89.5232,2,4
767,24.6496_90.2644,2,4
768,24.6496_90.2644,2,4
769,24.6496_90.2644,2,4
774,25.1496_89.7530,2,4
776,23.6760_88.5996,2,4
777,23.6760_88.5996,2,4
782,22.6584_91.1232,2,4
788,23.8463_91.1496,2,4
789,23.8463_91.1496,2,4
790,23.9260_90.2408,2,4
792,23.0963_91.1820,2,4
794,24.8584_91.9496,2,4
797,24.5348_89.5732,2,4
801,24.8173_89.9030,2,4
817,23.2760_89.0030,2,4
828,23.3349_89.1496,2,4
831,24.3996_88.6644,2,4
833,22.4172_90.4496,2,4
837,24.0673_91.2408,2,4
838,22.8463_89.3030,2,4
839,24.4585_89.0732,2,4
842,25.0462_89.9731,2,4
846,24.1173_90.5908,2,4
848,23.4963_91.1496,2,4
860,25.0462_89.9996,2,4
861,25.0462_89.9996,1,4
862,23.4996_89.4819,2,4
870,22.4462_90.1644,2,4
871,22.4462_90.1644,1,4
874,25.2962_89.4232,2,4
878,24.3673_91.5496,2,4
879,23.4260_89.6496,2,4
883,23.3963_88.9496,2,4
890,22.2496_91.0732,1,4
893,24.2997_91.4908,2,4
898,24.4497_89.4408,2,4
900,24.8261_90.1908,2,4
904,23.7584_90.1496,2,4
906,23.5963_89.6232,1,4
910,24.6085_88.9996,2,4
918,24.3963_88.9408,2,4
919,24.3963_88.9408,2,4
921,24.4849_91.9732,2,4
924,22.5462_90.1408,1,4
930,22.8963_90.3530,2,4
944,22.7085_90.3996,1,4
947,23.0496_91.1408,2,4
948,24.0997_90.3530,2,4
949,24.2463_89.1644,2,4
951,23.6085_88.7820,2,4
955,22.1085_90.7143,2,4
958,24.1496_90.0530,1,4
964,23.6848_88.6530,2,4
967,24.1085_90.3408,2,4
974,22.4084_90.4529,2,4
975,23.8497_88.8408,1,4
979,24.7962_91.8495,2,4
980,23.8463_90.6996,2,4
981,23.8463_90.6996,2,4
982,24.5963_91.6530,2,4
993,22.8261_90.2029,2,4
994,22.7463_90.4030,2,4
998,24.9849_89.0030,2,4
999,24.9849_89.0030,2,4
1004,22.0496_90.7029,2,4
1008,24.5997_90.3496,2,4
1010,24.9497_89.4320,2,4
1011,24.9497_89.4320,1,4
1014,24.9497_89.2996,2,4
1020,23.6085_90.4496,2,4
1023,23.8996_90.0496,2,4
1025,23.0496_91.8820,1,4
1031,24.5963_89.5530,2,4
1036,22.6963_90.2029,2,4
1044,22.9996_88.9731,2,4
1047,23.7173_89.5030,2,4
1048,24.5997_90.4496,2,4
1051,22.9996_91.5144,2,4
1056,25.2496_89.3232,2,4
1057,25.2496_89.3232,2,4
1058,25.5996_89.6530,2,4
1066,22.8261_89.6144,2,4
1070,24.0761_89.4030,2,4
1071,24.4497_88.9908,2,4
1076,24.2962_90.5530,2,4
1082,25.2997_89.4320,2,4
1084,25.2997_89.4320,1,4
1085,25.2997_89.4320,2,4
1089,24.7760_89.9232,2,4
1094,22.6760_89.0996,1,4
1095,25.2496_89.3144,2,4
1096,25.2496_89.3144,2,4
1105,23.9172_90.0820,2,4
1107,23.9260_90.1820,2,4
1109,23.3497_91.1530,2,4
1119,24.0497_90.6408,2,4
1123,23.8173_90.2996,2,4
1128,23.8963_90.5820,2,4
1130,23.4172_90.1820,2,4
1132,23.9172_89.6030,2,4
1133,23.9172_89.6030,2,4
1141,24.5963_89.5496,2,4
1143,24.4463_89.4408,2,4
1153,24.2463_90.1030,2,4
1156,24.2463_90.1030,2,4
1162,24.1463_89.0908,1,4
1164,23.6349_90.1496,2,4
1168,24.0462_89.8496,2,4
1171,23.8761_90.3530,1,6
1172,24.0997_90.6030,2,4
1173,24.0997_90.6030,2,4
1179,23.1760_90.2320,2,4
1181,23.0963_91.3495,2,4
1183,24.7085_88.8030,2,4
1194,23.6085_88.7908,2,4
1196,23.1997_92.0731,1,4
1203,23.4996_91.1530,2,4
1204,23.4996_91.1530,2,4
1205,23.4996_91.1530,2,4
1208,23.5585_88.7732,2,4
1209,23.9260_91.0644,2,4
1211,23.6997_91.0496,2,4
1213,24.0260_89.0908,1,4
1221,24.8584_91.6996,2,4
1226,24.8349_90.1908,2,4
1227,22.0584_90.2320,2,4
1233,24.2496_89.1732,2,4
1238,24.5462_90.3144,2,4
1239,22.4585_89.0496,2,4
1243,22.5997_90.1496,2,4
1244,23.0496_89.0030,2,4
1250,24.2997_91.5408,2,4
1252,24.5997_90.4144,2,4
1253,23.8849_90.3496,1,6
1257,24.5997_88.4907,1,4
1258,24.0673_89.8820,2,4
1259,24.0673_89.8820,2,4
1260,24.0673_89.8820,2,4
1273,22.8084_89.4529,2,4
1276,23.6963_88.6996,2,4
1277,23.6963_88.6996,2,4
1281,25.2584_89.3144,2,4
1284,24.9463_89.3996,2,4
1290,24.6463_90.3908,2,4
1294,24.8496_90.5144,2,4
1299,24.1997_91.1996,2,4
1306,24.7760_90.8232,2,4
1308,22.7848_90.8644,2,4
1311,22.6760_90.3232,1,4
1318,24.2496_91.5030,2,4
1319,24.2496_91.5030,2,4
1320,24.2496_91.5030,2,4
1321,22.2463_90.7408,2,4
1327,24.2962_90.5496,2,4
1329,22.9497_91.3231,2,4
1346,22.1760_90.1030,2,4
1348,25.0761_90.9030,2,4
1349,24.5497_89.4731,2,4
1357,23.2173_90.3408,2,4
1359,22.2672_90.2644,2,4
1366,23.0997_91.0030,2,4
1367,22.8261_89.5820,2,4
1382,23.7997_91.1496,2,4
1390,22.4497_89.8820,2,4
1392,24.3585_88.9908,2,4
1393,23.9260_88.9908,1,4
1399,23.3261_90.8144,2,4
1401,22.2962_90.0996,2,4
1409,24.4172_89.4529,2,4
1413,22.9497_91.8820,1,4
1414,22.9497_91.8820,1,4
1417,24.0172_89.0908,1,4
1419,24.0172_89.0908,1,4
1432,24.0172_89.0908,1,4
1439,23.0761_89.4496,2,4
1440,23.3261_89.1530,2,5
1441,23.9260_90.7530,2,4
1446,24.4084_91.8495,2,4
1451,24.5497_90.8644,2,4
1453,25.2672_89.3496,2,4
1457,24.4497_90.4732,1,4
1460,24.3463_88.7496,2,4
1461,24.3463_88.7496,2,4
1462,23.8085_90.0320,2,4
1466,22.9963_91.2530,2,4
1468,24.3963_89.5320,2,4
1487,23.1848_90.3530,2,4
1493,24.0997_90.3320,2,4
1494,24.0997_90.3320,2,4
1500,24.7760_89.3996,2,4
1505,24.7760_89.3996,2,4
1510,24.5849_91.6820,2,4
1518,24.5673_90.4996,2,4
1521,23.9172_91.0030,2,4
1524,24.6584_88.9320,2,4
1535,23.7962_89.3030,2,4
1540,24.6963_88.8732,1,4
1543,23.0963_91.3407,2,4
1544,22.8673_91.2530,2,4
1549,24.1463_90.1732,2,4
1550,23.2496_91.1732,2,4
1552,24.7173_88.7530,2,4
1553,23.4260_89.6530,2,4
1554,25.1672_89.7496,2,4
1565,23.6997_89.2644,1,4
1576,22.4497_89.8732,2,4
1586,22.8261_89.6030,2,4
1587,22.8261_89.6030,2,4
1588,22.8261_89.6030,2,4
1595,23.2584_91.2820,2,4
1597,23.4348_88.9030,1,4
1601,24.5585_89.5496,2,4
1603,23.4172_90.1732,2,4
1614,22.6463_90.9643,2,4
1615,23.0997_91.3495,2,4
1616,22.6085_90.6408,2,4
1620,23.4497_89.8732,2,4
1621,22.2463_90.7496,2,4
1627,24.0084_89.1144,2,4
1630,24.0497_89.6530,1,4
1631,24.0497_89.6530,1,4
1632,22.9673_88.9996,2,4
1633,23.2085_90.9496,2,4
1634,24.3349_89.5496,2,4
1638,23.8085_90.2996,2,4
1645,23.8963_88.8408,1,4
1653,23.8963_90.1232,2,4
1658,22.7760_90.1144,2,4
1685,22.9963_88.9819,2,4
1691,24.6672_88.7407,1,4
1692,24.6463_90.3530,2,4
1695,23.6997_88.6996,2,4
1696,23.6997_88.6996,2,4
1697,23.7997_90.1030,2,4
1704,23.8173_88.6530,2,4
1709,22.6496_90.3496,2,4
1712,24.2496_91.4529,2,4
1714,22.9996_91.2408,2,4
1724,23.9172_90.2320,2,4
1732,22.8996_90.4232,1,4
1743,24.4497_89.9820,2,4
1749,24.0462_89.0530,1,4
1754,25.0462_89.3732,2,4
1768,24.9585_90.2530,2,4
1769,24.9585_90.2530,2,4
1770,22.3996_90.7530,2,4
1771,22.3996_90.7530,2,4
1773,23.2496_90.8996,2,4
1774,23.6463_90.9529,2,4
1775,23.6463_90.9529,2,4
1776,23.6463_88.6496,2,4
1785,23.2760_88.7530,1,4
1789,23.1963_90.2530,2,4
1790,23.1963_90.2530,2,4
1792,22.9673_90.3996,1,4
1796,23.2996_90.3996,2,4
1798,24.3849_88.6732,1,4
1805,23.3963_90.7496,2,4
1808,23.7997_88.7319,2,4
1815,22.8497_91.7996,2,4
1826,23.3963_90.7530,2,4
1829,22.8173_89.6232,2,4
1831,23.2848_89.0030,2,4
1837,22.8673_90.8908,2,4
1840,24.1584_90.1820,2,4
1844,23.1496_90.7320,1,4
1846,22.8173_89.6030,2,4
1847,22.8173_89.6030,2,4
1851,22.8173_89.6030,2,4
1852,22.8173_89.6030,2,4
1853,22.8173_89.6030,2,4
1870,23.6672_89.4529,1,4
1872,22.1085_90.7232,2,4
1878,24.3085_90.9232,2,4
1879,23.3463_89.5320,2,4
1880,23.3463_89.5320,2,4
1883,24.6672_90.5820,1,4
1884,24.7760_90.8320,2,4
1885,24.1760_88.9496,1,5
1887,24.1997_88.9731,2,4
1894,23.8849_90.6030,2,4
1896,24.0172_90.1908,2,4
1897,24.0172_90.1908,2,4
1903,24.2997_90.6996,2,4
1904,24.6997_90.9144,2,4
1906,24.3463_88.7407,2,4
1907,23.7496_90.9529,2,4
1913,23.2496_89.1029,2,4
1914,23.3996_88.8732,2,4
1917,24.0997_90.6732,2,4
1918,24.0997_90.6732,2,4
1926,23.9172_90.6320,2,4
1929,24.6997_88.8030,2,4
1931,22.9963_91.5232,2,4
1932,23.8996_88.8320,1,4
1934,22.5260_90.1820,2,4
1941,25.1584_89.4030,2,4
1947,23.9084_90.6496,2,4
1948,22.9084_90.9232,1,4
1950,23.1173_89.6496,1,4
1958,22.3761_89.1029,2,6
1960,24.3963_90.7496,2,4
1966,24.9761_90.4529,2,4
1967,24.7085_90.3496,2,4
1968,23.8497_89.3908,2,4
1970,23.5963_88.7908,2,4
1973,23.6349_90.4408,1,4
1977,23.3349_89.1530,2,5
1981,24.9463_89.2908,2,4
1983,22.4172_90.4529,2,4
1989,24.3996_89.1029,2,4
1991,25.1496_89.3996,2,4
1992,22.5496_90.1408,1,4
1997,24.9463_88.8996,2,4
1999,23.3463_91.1408,2,6
2001,22.8585_89.0496,2,4
2002,22.8585_89.0496,2,4
2005,24.9996_89.8496,2,4
2006,23.8463_89.3996,2,4
2007,24.9585_90.1996,2,4
2009,22.6760_90.3144,1,4
2010,25.0462_90.0030,2,4
2011,25.0462_90.0030,1,4
2013,22.6496_91.1496,2,4
2015,24.2496_89.1644,2,4
2017,24.9849_89.3996,2,4
2029,23.2261_90.3320,2,4
2035,22.9463_89.4819,2,4
2036,24.3173_90.9232,2,4
2038,23.6496_90.9496,2,4
2039,23.6496_90.9496,2,4
2040,24.2496_89.2319,2,4
2050,23.6261_90.3820,2,4
2055,23.4761_91.2029,2,4
2056,23.4761_91.2029,2,4
2059,24.5260_89.5530,2,4
2062,23.9260_91.0732,2,4
2065,23.2962_89.0320,1,4
2068,23.8497_91.1496,2,4
2069,23.8497_91.1496,2,4
2070,23.8497_91.1496,2,4
2077,23.4996_89.4731,2,4
2078,24.1584_90.5496,2,4
2080,24.4463_88.4996,2,4
2081,22.0584_90.7029,2,4
2082,24.0997_91.1496,2,4
2089,23.3761_91.0820,2,4
2093,25.0585_89.9908,2,5
2094,24.7463_90.7820,2,4
2097,24.4084_88.6408,2,4
2109,24.9673_90.1996,2,4
2112,22.5172_90.3496,2,4
2115,24.7085_90.3408,2,4
2119,23.6997_89.5996,1,4
2127,24.3963_88.9529,2,4
2128,24.3963_88.9529,2,4
2132,24.2962_90.6908,2,4
2134,24.3673_88.6732,2,4
2142,24.9463_90.5732,2,4
2150,23.5997_90.4732,2,4
2151,23.5997_90.4732,2,4
2152,23.5997_90.4732,2,4
2153,24.0761_90.9529,2,4
2157,22.7496_91.8732,2,4
2159,23.0997_90.6996,2,4
2166,22.9497_90.8996,2,4
2173,22.7672_90.0996,1,4
2174,22.7672_90.0996,1,4
2177,22.9463_91.2996,2,4
2178,22.9172_90.9320,1,4
2181,23.4260_90.7530,2,4
2182,25.2672_89.3232,2,4
2187,23.9963_89.0232,1,4
2188,22.1760_90.0996,2,4
2204,24.0497_89.6496,1,4
2205,24.0497_89.6496,1,4
2206,23.0849_89.4529,2,4
2213,23.5084_91.1530,2,4
2215,24.7962_88.7530,2,6
2217,24.7463_90.5530,2,4
2218,24.7463_90.5530,2,4
2220,24.1997_88.9643,2,4
2233,24.0673_89.3996,2,4
2241,24.0963_90.6996,1,4
2246,24.2085_88.9408,2,4
2252,24.1463_89.0820,1,4
2254,22.1672_90.1030,2,4
2255,22.8463_91.5496,2,4
2258,24.1463_90.1644,2,4
2259,24.1349_90.3496,2,4
2267,22.8673_89.0530,2,4
2268,22.8673_89.0530,2,4
2275,24.7496_90.6030,1,4
2281,25.1760_89.7496,2,4
2289,24.3761_88.9408,2,4
2291,23.5997_91.0496,2,4
2292,24.2962_91.5030,2,4
2293,22.3996_90.7496,2,4
2294,22.3996_90.7496,2,4
2297,24.1963_88.9643,2,4
2298,23.8497_90.6820,2,4
2299,23.8497_90.6820,2,4
2305,24.4497_89.4496,2,4
2307,24.7848_89.4030,2,4
2308,24.7848_89.4030,2,4
2314,23.6261_89.8496,2,4
2315,23.6261_89.8496,2,4
2321,23.6261_89.8496,2,4
2322,23.6261_89.8496,2,4
2325,24.0761_89.8820,2,4
2326,24.0761_89.8820,2,4
2327,24.0761_89.8820,2,4
2334,24.4996_88.8996,1,4
2335,24.6085_88.4819,1,4
2337,23.5348_89.0144,2,4
2338,25.1084_89.7408,2,4
2348,24.4463_92.0030,2,4
2350,25.0260_89.3644,2,4
2353,22.3849_89.0996,2,4
2357,24.3173_90.9144,2,4
2363,24.6760_90.5820,1,4
2365,23.9260_90.2320,2,4
2367,23.1760_90.8320,2,4
2371,22.9260_89.0496,2,4
2379,23.3673_91.0820,2,4
2380,23.8497_89.0908,1,4
2384,23.0348_89.6030,1,4
2400,24.1963_91.1996,2,4
2401,24.3996_89.5232,2,4
2412,23.8497_89.2231,1,4
2413,22.7962_89.6320,2,4
2416,23.6349_90.3820,2,4
2417,23.6349_90.3820,2,4
2418,24.0497_89.8496,2,4
2420,24.2584_88.9908,2,4
2423,24.0462_89.6496,1,4
2424,24.3761_90.4030,2,4
2427,24.2997_91.5030,2,4
2431,23.7463_90.1996,2,4
2432,23.7463_90.1996,2,4
2433,23.7463_90.1996,2,4
2435,22.8963_90.3996,1,4
2436,22.8963_90.3996,2,4
2441,22.9585_90.4030,1,4
2443,22.9585_90.4030,1,4
2448,23.0462_89.4030,2,4
2449,23.7173_89.4996,2,4
2450,22.8761_89.0496,2,4
2451,24.3849_88.9408,2,4
2453,24.6496_90.3908,2,4
2459,24.0997_90.1820,2,4
2460,24.0997_90.1820,2,4
2462,24.0997_90.1820,2,4
2463,24.3761_88.6644,2,4
2466,23.8761_90.3496,1,6
2467,23.0462_91.1496,2,4
2474,23.8963_90.0820,2,4
2477,23.3085_91.2029,2,4
2478,24.0462_89.6530,1,4
2483,24.0462_91.2496,2,4
2487,23.9497_89.0996,1,4
2488,23.9497_89.0996,1,4
2494,24.0963_90.8408,2,4
2495,23.6672_90.3732,2,4
2503,24.7496_90.3644,1,4
2521,23.7496_90.9496,2,4
2529,23.6463_90.5530,2,4
2530,23.6463_90.5530,2,4
2531,23.6463_90.5530,2,4
2532,23.6463_90.5530,2,4
2544,23.5496_89.2319,2,4
2549,24.0963_90.6644,2,4
2564,24.8996_89.8530,2,4
2571,23.3996_88.8820,2,4
2575,25.0585_90.2530,2,4
2581,24.1261_90.1644,2,4
2582,22.7848_90.1320,2,4
2591,23.6173_89.8644,2,4
2596,23.0462_91.3732,2,4
2601,23.6963_89.5996,1,4
2602,24.3761_90.3996,2,4
2607,25.0963_89.2996,2,4
2608,25.0963_89.2996,2,4
2612,23.9585_89.8320,2,4
2613,25.1584_89.0496,2,4
2618,22.8963_89.5732,2,4
2619,22.8963_89.5732,2,4
2621,24.4585_90.4320,2,4
2624,25.0996_89.4529,2,4
2627,23.5260_89.0144,2,4
2628,23.9172_90.1496,2,4
2630,22.0496_90.6996,2,4
2635,23.6463_88.6408,2,4
2639,23.0997_91.3407,2,4
2640,22.8673_89.0496,2,4
2641,22.8673_89.0496,2,4
2642,24.2173_90.5530,2,4
2644,23.4463_89.0908,2,4
2647,23.8996_88.8408,1,4
2655,24.3996_88.9320,2,4
2663,23.8585_89.0996,1,4
2664,22.7463_89.0496,2,4
2666,24.6672_90.5908,1,4
2670,24.4497_90.3996,1,4
2675,23.9348_89.6232,2,4
2677,22.1672_90.0996,2,4
2681,22.9084_90.9320,1,4
2683,25.0497_90.0030,2,4
2684,25.0497_90.0030,1,4
2687,25.0497_90.0030,1,4
2688,22.1173_90.2530,2,4
2694,23.6584_89.5496,2,4
2696,24.7672_89.9232,2,4
2700,23.7962_90.3232,2,4
2703,25.2584_89.5530,2,4
2706,24.0963_90.1408,2,4
2708,24.4673_90.4232,2,4
2711,24.4172_88.6996,2,4
2716,22.8084_91.1644,2,4
2717,24.0997_91.1530,2,4
2719,23.5997_90.4529,2,4
2720,23.5997_90.4529,2,4
2724,24.7463_90.7908,2,4
2726,23.5673_91.0530,2,4
2729,25.0084_88.7496,2,4
2731,23.3463_89.5232,2,4
2732,22.7463_90.9732,1,4
2736,23.7997_88.9030,2,4
2740,24.0761_89.8908,2,4
2741,24.0761_89.8908,2,4
2745,23.7760_90.5732,2,4
2747,22.9761_90.8820,2,4
2749,22.9497_89.4731,2,4
2751,23.6997_88.7029,2,4
2752,23.6997_88.7029,2,4
2753,24.1963_91.2029,2,4
2759,23.8463_88.7319,1,4
2762,24.3761_88.9030,2,4
2773,25.0497_89.3644,2,4
2776,22.4084_90.4496,2,4
2777,23.6760_89.4496,1,4
2778,24.4497_90.4529,2,4
2779,24.4497_90.4529,2,4
2781,24.5963_90.3996,2,4
2782,24.4585_89.9908,2,4
2784,23.9673_89.2644,2,4
2785,23.3673_90.0496,2,4
2792,22.8084_89.5820,2,4
2793,23.2463_91.7996,1,4
2797,22.7463_90.3996,2,4
2798,23.1584_89.6496,1,4
2805,22.7962_90.3644,2,4
2808,22.6997_90.1996,2,4
2809,24.0497_91.2408,2,4
2810,24.0497_91.2408,2,4
2819,23.3849_89.7820,2,4
2820,23.5963_90.8496,2,4
2822,23.8996_89.0320,1,4
2828,22.2996_90.0996,2,4
2833,23.0496_91.1496,2,4
2834,22.8463_91.5529,2,4
2835,23.2584_90.9030,2,4
2837,24.0997_90.6644,2,4
2839,24.8463_90.6030,2,4
2841,25.2584_89.5496,2,4
2847,23.5585_91.0496,2,4
2848,24.9673_89.8496,2,4
2849,24.9673_89.8496,2,4
2853,23.8497_88.7143,2,4
2854,22.5260_89.2496,1,4
2857,23.7496_89.1320,1,4
2861,24.2496_89.2408,2,4
2867,24.4963_90.2530,2,4
2869,23.9849_90.0732,2,4
2870,24.0462_90.6232,2,4
2872,23.7496_89.9996,2,4
2878,24.0084_91.2530,2,4
2885,24.5997_90.4529,2,4
2892,23.3463_91.1496,2,4
2893,23.3463_91.1496,2,4
2899,24.2848_88.9996,2,4
2901,23.9673_89.8408,2,4
2906,23.9996_89.0030,1,4
2907,23.9996_89.0030,1,4
2908,23.7997_88.7407,2,4
2913,24.0084_88.9731,1,4
2917,22.3849_89.0908,2,4
2923,22.6261_90.3644,2,4
2925,22.0963_90.2996,2,4
2937,24.8584_91.6908,2,4
2940,24.6085_89.0030,2,4
2941,23.2996_89.0320,1,4
2944,25.0462_89.9820,2,4
2945,25.0462_89.9820,2,4
2971,22.1584_90.3530,1,4
2972,23.9084_89.0320,1,4
2975,23.6997_90.0496,2,4
2976,22.9673_90.4030,1,4
2977,23.9673_89.1908,1,4
2990,24.4761_91.9732,2,4
2992,23.8497_89.3820,2,4
2993,24.9673_90.2496,2,4
3001,24.3173_88.8496,2,4
3012,23.7496_90.0030,2,4
3018,24.4463_90.4732,1,4
3022,24.3497_88.9996,2,4
3027,22.9497_91.1996,2,4
3028,22.9497_91.1996,2,4
3029,22.9497_91.1996,1,4
3032,24.4497_89.0530,2,4
3033,22.9172_89.0496,2,4
3040,24.6997_88.8732,1,4
3046,24.4463_90.4030,1,4
3048,24.1672_89.0232,2,4
3049,24.5172_88.8732,1,4
3058,24.5585_90.7496,2,4
3059,24.5585_90.7496,2,4
3061,23.8463_89.3908,2,4
3065,23.0172_88.9030,2,4
3066,23.0172_88.9030,2,4
3068,25.0462_90.2644,2,4
3071,24.4172_91.8495,2,4
3077,24.1496_89.0408,1,4
3081,24.0462_89.0496,1,4
3082,22.4849_89.9820,1,4
3090,22.9497_91.2496,2,4
3098,23.1672_90.2408,2,4
3101,24.9996_91.8407,2,4
3107,24.1584_89.0320,1,4
3109,22.8996_90.3530,2,4
3117,24.2997_91.5320,2,4
3121,23.7672_90.1496,2,4
3122,22.5496_89.1530,2,4
3123,22.5496_89.1530,2,4
3144,24.6963_90.9232,2,4
3148,23.8497_91.1530,2,4
3149,23.8497_91.1530,2,4
3150,23.8497_91.1530,2,4
3154,22.1848_90.2908,2,4
3156,23.6760_89.8530,2,4
3160,23.5963_90.8644,2,4
3161,23.5963_90.8644,2,4
3167,22.7760_88.9643,2,4
3168,23.9497_90.1908,2,4
3169,23.9497_90.1908,2,4
3171,23.6349_88.8320,1,4
3175,23.4348_89.5496,2,4
3177,23.5963_88.7820,2,4
3192,23.8585_90.5996,2,4
3193,25.2997_89.3996,2,4
3199,24.4849_89.9496,2,4
3200,24.6463_90.2644,2,4
3201,24.6463_90.2644,2,4
3202,24.6463_90.2644,2,4
3203,22.6261_90.3732,2,4
3205,23.4963_89.4496,1,4
3210,23.0997_90.7029,2,4
3212,23.6496_90.5496,2,4
3213,23.6496_90.5496,2,4
3214,23.6496_90.5496,2,4
3215,23.6496_90.5496,2,4
3216,23.6496_90.5496,2,4
3217,23.6496_90.5496,2,4
3218,23.6496_90.5496,2,4
3219,23.6496_90.5496,2,4
3220,23.6496_90.5496,2,4
3224,24.9585_90.2029,2,4
3226,22.1496_90.3496,1,4
3228,25.4585_89.2908,2,4
3233,23.0963_90.7029,2,4
3238,23.8996_88.9030,1,4
3239,24.4963_88.9030,1,4
3240,25.2496_89.4819,2,4
3242,22.6496_90.9732,2,4
3243,23.2584_91.1820,2,4
3244,24.0462_89.8530,2,4
3245,23.5997_90.4820,2,4
3246,24.0585_89.6496,1,4
3248,25.0497_90.0144,2,4
3250,25.0497_90.0144,2,4
3253,25.0497_90.0144,1,4
3261,25.0673_90.2496,2,4
3264,24.7496_90.7820,2,4
3269,22.1085_90.6820,2,4
3271,22.8173_89.5996,2,4
3272,22.8173_89.5996,2,4
3276,22.8173_89.5996,2,4
3277,22.8173_89.5996,2,4
3278,22.8173_89.5996,2,4
3286,22.2584_90.2732,2,4
3289,23.7672_90.5496,2,4
3290,22.2962_90.1030,2,4
3293,25.0497_89.9731,2,4
3294,22.5260_89.2530,1,4
3295,22.4348_90.4529,2,4
3300,24.4172_89.4496,2,4
3301,22.6584_91.0144,1,4
3305,24.0084_89.2029,1,4
3309,23.7496_91.0996,2,4
3314,23.0963_90.6996,2,4
3320,23.1085_90.4529,2,4
3326,23.4996_89.4529,1,4
3328,24.3261_89.5408,2,4
3329,23.7760_89.2732,2,4
3330,23.9996_89.3030,2,4
3334,23.9673_90.1908,2,4
3341,23.5462_89.2319,2,4
3344,23.0761_91.8820,1,4
3349,23.0673_91.8820,1,4
3351,22.8963_90.4030,1,4
3352,22.8963_90.4030,2,4
3353,24.2349_90.6996,2,4
3355,23.0496_91.8495,1,4
3359,23.5084_91.1496,2,4
3363,23.8585_89.0908,1,4
3365,24.7962_88.7496,2,6
3371,23.6760_88.6496,2,4
3372,22.4585_89.0530,2,4
3373,24.7463_90.6320,2,4
3380,24.3585_89.2530,2,4
3383,24.5963_90.3530,2,4
3384,24.6584_90.5496,1,4
3385,22.8084_89.5908,2,4
3390,23.7848_90.5820,2,4
3391,23.6997_91.0408,2,4
3392,24.2997_90.5496,2,4
3396,24.5084_92.0529,2,4
3401,22.9497_91.8908,1,4
3404,24.4585_88.7029,2,4
3406,23.9761_90.0732,2,4
3408,22.7672_88.9643,2,4
3409,24.4963_90.2496,2,4
3410,23.9963_89.0030,1,4
3411,23.9963_89.0030,1,4
3420,24.0084_89.0996,1,4
3421,24.0084_89.0996,1,4
3423,23.3996_91.0820,2,4
3424,23.4084_88.8732,2,4
3430,23.1760_90.3496,2,4
3431,23.1760_90.3496,2,4
3436,24.0963_90.1996,2,4
3453,23.3497_89.3496,2,4
3455,24.1496_90.1732,2,4
3456,24.1496_90.1732,2,4
3457,24.1496_90.1732,2,4
3463,23.8463_91.1530,2,4
3464,23.8463_91.1530,2,4
3468,22.7996_90.9732,2,4
3469,23.9996_88.9819,1,4
3471,23.3761_90.0408,2,4
3474,22.8963_91.2320,2,4
3478,25.3584_89.2496,2,4
3479,24.7672_89.3996,2,4
3481,24.2173_90.5496,2,4
3483,24.9497_88.9030,2,4
3486,24.3673_88.9030,2,4
3489,24.9497_89.2908,2,4
3499,22.7760_90.8644,2,4
3501,24.1584_90.7530,2,4
3506,23.8463_88.8320,1,4
3508,24.0997_90.1908,2,4
3510,24.0997_90.1908,2,4
3512,24.0997_90.1908,2,4
3514,23.8849_90.1496,2,4
3515,23.8849_90.1496,2,4
3524,23.2496_91.8029,1,4
3527,24.5585_90.0732,2,4
3530,24.4497_88.4996,2,4
3536,23.2085_90.9408,2,4
3538,22.5584_91.7732,2,4
3540,23.7584_90.3144,2,4
3541,23.7584_90.3144,2,4
3547,23.7962_90.0996,2,4
3551,23.9260_90.1530,2,5
3554,24.2261_90.5496,2,4
3555,24.2261_90.5496,2,4
3556,24.3673_89.2530,2,4
3559,22.8996_90.3996,1,4
3560,22.8996_90.3996,2,4
3565,24.2463_91.2408,2,4
3566,23.0084_91.2320,2,4
3571,25.3962_89.2996,1,4
3575,24.2760_88.9908,2,4
3581,24.6173_90.0408,2,4
3593,24.5462_90.6820,2,4
3595,24.8496_91.9529,2,4
3601,23.8497_89.1996,2,4
3604,23.0761_89.4529,2,4
3606,22.8497_91.5496,2,4
3607,23.8085_90.0408,2,4
3614,23.8996_90.0530,2,4
3615,23.8996_90.0530,2,4
3617,23.8996_90.5908,2,4
3618,22.8084_91.5731,2,4
3623,23.8497_90.6996,2,4
3624,23.8497_90.6996,2,4
3627,24.5963_90.4529,2,4
3628,22.3761_89.0820,2,4
3632,23.6496_90.5530,2,4
3633,23.6496_90.5530,2,4
3634,23.6496_90.5530,2,4
3635,23.6496_90.5530,2,4
3636,23.6496_90.5530,2,4
3638,22.5584_91.7644,2,4
3642,23.6349_90.4496,1,4
3643,23.6349_90.4496,2,5
3648,23.8497_88.8320,1,4
3649,22.2463_91.0820,1,4
3650,24.4497_91.9996,2,4
3652,22.4497_90.1644,2,4
3653,22.4497_90.1644,1,4
3657,24.5172_88.8820,2,4
3658,24.5172_88.8820,1,4
3661,24.6997_90.9232,2,4
3668,22.6848_89.0996,1,4
3671,22.4084_90.1496,2,4
3675,24.0997_90.3496,2,6
3676,24.0997_90.3496,2,4
3680,23.7962_90.1144,2,4
3685,22.7496_90.4030,2,4
3688,24.6085_90.3996,2,4
3693,23.5963_90.4732,2,4
3694,23.5963_90.4732,2,4
3695,23.5963_90.4732,2,4
3701,22.5963_90.1530,2,4
3709,24.2463_91.4529,2,4
3712,25.0585_90.0030,1,4
3716,23.2962_89.0232,1,4
3717,22.0997_90.3030,2,4
3722,23.9463_91.0820,2,4
3723,23.9463_91.0820,2,4
3728,23.9996_89.0232,1,4
3729,24.0997_90.6820,2,4
3730,24.0997_90.6820,2,4
3731,24.9497_88.8996,2,4
3733,23.8463_89.1996,2,4
3735,24.4996_90.2530,2,4
3739,25.3962_89.2908,2,4
3743,24.5348_88.6996,2,4
3750,24.7463_89.8644,2,4
3751,24.7463_89.8644,2,4
3752,24.5849_91.6908,2,4
3753,24.1496_89.0820,1,4
3755,22.8963_90.3496,2,4
3756,22.7496_91.7496,1,4
3757,22.5260_90.3530,2,4
3758,23.4963_89.4731,2,4
3759,23.3585_91.8996,1,4
3763,22.9497_91.0496,2,4
3765,25.0761_89.0232,2,4
3771,23.9761_90.0820,2,4
3778,23.2173_90.3320,2,4
3783,24.5673_90.7408,2,4
3784,25.4585_89.3144,2,4
3787,24.8996_89.8496,2,4
3791,24.4585_88.6908,2,5
3793,24.0761_90.9320,2,4
3794,24.0761_90.9320,2,4
3796,23.4761_91.1996,2,4
3797,23.4761_91.1996,2,4
3807,22.1584_90.0908,2,4
3810,23.0761_91.8908,1,4
3812,24.7463_90.6232,2,4
3819,24.0462_91.2408,2,4
3823,24.3996_88.9408,2,4
3824,24.3996_88.9408,2,4
3826,23.4260_88.8996,1,4
3832,23.7173_90.0908,2,4
3833,22.8497_89.0530,2,4
3834,23.9497_90.1030,2,4
3835,24.2997_91.4996,2,6
3836,24.2997_91.4996,2,4
3837,23.6349_89.5320,2,4
3841,24.3673_91.5408,2,4
3856,23.2261_90.3408,2,4
3860,23.2584_91.2908,2,4
3862,23.2584_91.2908,2,4
3886,23.8585_90.5530,2,4
3887,23.8585_90.5530,2,4
3888,23.8585_90.5530,2,4
3891,23.8585_90.5530,2,4
3892,24.6173_89.4529,2,4
3895,24.0348_90.8996,2,4
3898,24.4497_88.5030,2,4
3902,24.6085_90.4144,2,4
3903,22.0672_90.2908,2,4
3909,22.7672_90.1030,1,4
3910,22.7672_90.1030,1,4
3913,23.9963_89.3030,2,4
3914,24.3497_88.7407,2,4
3915,24.0172_91.2496,2,4
3919,22.4084_90.1408,2,4
3922,22.9463_91.3029,2,4
3930,24.4996_92.0496,2,4
3931,24.5260_89.4996,2,4
3936,25.0585_89.9996,2,4
3937,23.7261_90.8644,2,4
3938,22.3761_89.0996,2,4
3941,24.5761_90.7408,2,4
3949,22.9585_88.9996,2,4
3953,23.1997_90.9496,2,4
3956,25.2672_89.5530,2,4
3963,24.3673_90.7530,2,4
3966,23.4673_91.0496,2,4
3968,22.7463_91.8644,2,4
3974,25.0673_90.2530,2,4
3978,24.5260_88.8732,1,4
3980,24.1672_90.6820,2,4
3983,23.5997_90.4496,2,4
3990,23.7261_89.4996,2,4
3995,24.8496_91.9496,2,4
3996,22.6997_90.0908,2,4
4001,23.9996_90.0732,2,4
4002,23.9996_90.0732,2,4
4013,23.8996_88.8030,1,4
4014,24.4497_91.3732,2,4
4016,24.1173_90.8496,2,4
4026,22.4348_90.4496,2,4
4030,24.5997_89.5496,2,4
4031,24.5997_89.5496,2,4
4036,23.7962_90.3144,2,4
4038,23.7962_90.3144,2,4
4039,23.7962_90.3144,2,4
4040,23.7962_90.3144,2,4
4042,22.9463_91.8732,1,4
4049,23.6085_90.4529,2,4
4050,23.6085_90.4529,2,4
4055,22.0963_90.3030,2,4
4058,22.9463_91.3143,2,4
4059,22.9463_91.3143,2,4
4060,23.5761_91.0732,2,4
4067,25.0497_89.9996,2,4
4068,25.0497_89.9996,1,4
4069,25.0497_89.9996,2,4
4075,24.7997_88.7496,2,6
4082,24.6463_90.3996,2,4
4084,24.6496_90.3496,2,4
4085,25.0963_89.4496,2,4
4095,23.2760_88.7496,1,4
4106,25.3996_89.2908,2,4
4111,23.6496_90.5408,2,4
4112,23.6496_90.5408,2,4
4113,23.6496_90.5408,2,4
4114,23.6496_90.5408,2,6
4115,23.6496_90.5408,2,4
4116,23.6496_90.5408,2,4
4120,23.8963_90.0496,2,4
4131,23.9463_90.1496,2,4
4132,23.9463_90.1496,2,4
4136,22.8261_90.1996,2,4
4137,23.8261_88.6496,2,4
4138,24.0462_90.6320,2,4
4141,24.3349_89.5408,2,4
4143,22.3497_89.9030,2,4
4147,24.3996_88.6408,2,4
4153,23.8463_89.4030,2,4
4155,23.5673_88.7644,2,4
4158,25.2672_89.3144,2,4
4162,24.4849_89.9529,2,4
4164,22.3996_90.1496,2,4
4169,23.9996_88.9731,1,4
4177,23.7760_89.2820,2,4
4182,24.0761_90.9408,2,4
4183,24.0761_90.9408,2,4
4187,23.6261_90.3732,2,4
4188,25.0761_90.3408,2,4
4190,23.5673_90.4732,2,4
4194,24.2962_91.5320,2,4
4197,24.4463_88.5030,2,4
4204,24.0963_91.1496,2,4
4205,23.8085_88.9496,1,4
4207,24.6173_90.0496,2,4
4211,24.3349_91.8407,2,4
4212,24.3996_89.5530,2,4
4213,23.8996_90.5820,2,4
4215,23.0172_88.8996,2,4
4216,23.0172_88.8996,2,4
4218,23.6672_88.6029,2,4
4222,24.0172_90.0144,2,4
4223,22.3761_89.0908,2,4
4224,24.1261_90.3530,2,4
4225,24.0172_88.8496,2,4
4229,23.6963_89.2644,1,4
4233,24.2672_88.9819,2,4
4235,24.5997_90.3996,2,4
4240,23.7997_89.3030,2,4
4241,24.6173_88.9996,2,4
4249,23.6085_90.4320,2,4
4250,23.2261_89.1644,2,4
4252,23.6173_88.7820,2,4
4254,23.1261_89.1232,2,4
4255,22.8497_91.8029,2,4
4260,24.6672_88.9320,2,4
4264,24.9463_88.9030,2,4
4267,22.9463_91.2496,2,4
4282,22.1173_90.2496,2,4
4284,23.6963_88.7029,2,4
4285,23.6963_88.7029,2,4
4288,22.5496_91.7644,2,4
4292,24.0997_90.3408,2,4
4293,24.0997_90.3408,2,4
4294,24.0997_90.3408,2,4
4295,24.0997_90.3408,2,4
4301,24.0997_90.3408,2,4
4304,24.8672_91.6908,2,4
4306,22.9497_89.4819,2,4
4309,24.2496_90.8232,2,4
4312,24.3261_89.5496,2,4
4315,23.3463_90.6996,2,4
4316,23.3463_90.6996,2,4
4318,24.5172_89.5820,2,4
4319,24.9463_89.4731,2,4
4323,22.5496_89.1496,2,4
4324,22.5496_89.1496,2,4
4326,23.7997_90.3030,2,4
4327,23.7997_90.3030,2,4
4328,23.0997_91.1820,2,4
4329,25.2672_89.5496,2,4
4331,24.7672_89.4030,2,4
4336,24.1997_91.2029,2,4
4337,24.6963_90.9144,2,4
4338,24.4849_91.9820,2,4
4341,25.2584_89.3232,2,4
4342,23.9084_90.6530,2,4
4343,22.5997_90.1530,2,4
4348,23.5997_90.8732,2,4
4349,23.5997_90.8732,2,4
4353,25.2672_89.4496,1,4
4358,24.0084_88.9819,1,4
4369,22.3497_90.3732,2,4
4374,22.6584_91.0232,1,4
4378,22.6760_89.1029,1,4
4379,23.7997_89.3908,2,4
4381,25.3996_89.2996,1,4
4382,23.7848_89.2732,2,4
4387,24.4463_88.9819,2,4
4388,24.0761_89.3996,2,4
4397,22.8173_89.6144,2,4
4399,22.8173_89.6144,2,4
4402,23.2584_91.2996,2,4
4413,23.5348_89.0232,2,4
4416,24.0497_90.6320,2,4
4417,22.7760_88.9731,2,4
4421,24.0084_88.8529,2,4
4423,24.3761_90.7496,2,4
4424,23.7962_91.1530,2,4
4426,24.4996_88.9030,1,4
4428,24.9761_89.4030,2,4
4433,24.0963_90.7029,1,4
4435,24.0084_89.1996,1,4
4437,22.8084_90.4030,2,4
4440,23.4084_90.1820,2,4
4445,24.0849_90.5996,2,4
4446,23.8497_90.5496,2,4
4447,23.8497_90.5496,2,4
4448,23.8497_90.5496,2,4
4450,23.2496_89.0996,2,4
4451,23.7173_90.8732,2,4
4455,25.2584_89.4496,1,4
4460,24.0963_90.3320,2,4
4461,24.0963_90.3320,2,4
4462,24.0963_90.3320,2,4
4464,23.8497_89.2029,2,4
4466,25.4673_89.2908,2,4
4469,24.3497_88.7530,2,4
4470,22.5260_90.4820,2,4
4473,24.0084_90.1908,2,4
4474,24.0084_90.1908,2,4
4477,24.2349_90.6908,2,4
4480,23.3996_88.9529,2,4
4481,22.7996_89.6232,2,4
4487,24.3463_88.7530,2,4
4490,24.9963_89.8232,2,4
4495,22.8173_90.4030,2,4
4496,23.4348_88.8996,1,4
4506,23.3761_91.0908,2,4
4510,24.5963_90.4030,2,4
4519,24.3261_91.8319,2,4
4528,25.0497_90.2732,2,4
4529,25.0497_90.2732,2,4
4538,22.6496_90.9643,2,4
4539,23.9084_88.7820,1,4
4540,23.9084_88.7820,1,4
4544,23.6496_90.3996,2,4
4550,24.1672_89.0144,2,4
4556,24.2085_90.6820,2,4
4557,23.9497_90.1530,2,4
4564,23.3673_91.8908,1,4
4565,24.7496_89.8732,2,4
4566,24.6672_88.7496,1,4
4567,22.6963_91.1320,2,4
4570,22.6463_91.1496,2,4
4572,23.1997_90.9529,2,4
4574,22.4849_89.9731,1,4
4576,23.4761_91.0496,2,4
4581,25.5996_89.6496,2,4
4587,22.8585_91.2496,2,4
4606,24.9673_90.4529,2,4
4607,24.9673_90.4529,2,4
4609,23.3849_89.7908,2,4
4610,23.0496_89.4030,2,4
4612,24.4497_88.9819,2,4
4613,22.9497_91.3029,2,4
4614,23.0496_91.8530,1,4
4615,23.0496_91.8530,1,4
4621,24.7997_88.9731,2,4
4622,22.8996_90.3496,2,4
4625,22.0761_90.2908,2,4
4631,24.9761_88.9996,2,4
4638,23.6997_90.9732,2,4
4649,24.0084_89.0908,1,4
4651,24.0084_89.0908,1,4
4658,22.5172_89.2530,1,4
4662,24.7463_90.3644,1,4
4666,22.5348_90.4732,2,4
4672,23.4172_90.7530,2,4
4674,23.4497_89.0996,2,4
4676,24.1672_90.1820,2,4
4690,23.6496_89.8530,2,4
4692,22.6496_91.1530,2,4
4699,23.5997_89.6232,1,4
4701,22.6672_90.3144,1,4
4703,23.6496_89.5496,2,4
4704,23.1584_90.7408,1,4
4707,24.1496_89.0320,1,4
4708,23.2261_89.1530,2,4
4710,22.1760_90.2996,2,4
4714,24.9761_89.0030,2,4
4721,22.8673_91.2496,2,4
4722,22.9497_90.9030,2,4
4725,22.6496_90.3530,2,4
4727,23.5849_91.0732,2,4
4728,24.5761_91.6908,2,4
4730,24.1997_88.9320,2,4
4731,24.1997_88.9320,2,4
4732,24.1997_88.9320,2,4
4735,24.4463_90.3996,1,4
4736,25.4673_89.2996,2,4
4737,22.6463_90.9732,2,4
4745,25.2997_89.4030,2,4
4749,24.8173_91.6408,2,4
4755,24.0172_88.8732,2,4
4756,24.0172_88.8732,1,4
4758,24.4585_89.4643,2,4
4763,24.6963_90.1732,1,4
4764,23.6463_90.5408,2,4
4765,23.6463_90.5408,2,4
4766,23.6463_90.5408,2,4
4768,23.6463_90.5408,2,4
4769,23.6463_90.5408,2,4
4770,23.8849_90.3530,1,6
4775,23.5585_88.7644,2,4
4777,23.8497_90.6908,2,4
4778,23.8497_90.6908,2,6
4779,23.3497_89.5232,2,4
4784,22.9963_91.2496,2,4
4786,22.6085_90.6496,2,4
4791,22.7173_90.3908,1,4
4793,22.8463_90.8820,2,4
4799,23.2496_91.1820,2,4
4801,25.0260_89.3732,2,4
4803,24.1997_88.9232,2,4
4804,24.2496_89.2820,2,4
4805,23.9585_89.1908,1,4
4818,23.7997_90.3144,2,4
4819,23.7997_90.3144,2,4
4820,23.7997_90.3144,2,4
4822,23.7997_90.3144,2,4
4829,24.5260_89.5820,2,4
4830,25.2463_89.3144,2,4
4831,25.2463_89.3144,2,4
4838,24.5585_90.4908,2,4
4840,23.8497_90.5530,2,4
4841,23.8497_90.5530,2,4
4842,22.7173_90.3996,1,4
4843,23.4463_89.8820,2,4
4845,23.8497_89.3996,2,4
4848,24.2997_90.5530,2,4
4855,22.6963_90.0820,2,4
4856,24.5997_91.6496,2,4
4860,23.8497_90.7029,2,4
4861,22.7996_90.3644,2,4
4869,24.7496_90.5530,2,4
4870,24.7496_90.5530,2,4
4877,24.6496_90.5530,1,4
4884,24.6963_90.9732,2,4
4885,23.8463_88.7143,2,4
4887,22.5260_90.3496,2,4
4900,25.1496_89.4030,2,4
4901,22.8761_89.0530,2,4
4906,24.0997_90.8320,2,4
4907,24.0673_91.2496,2,6
4908,24.0673_91.2496,2,4
4909,24.0673_91.2496,2,4
4924,24.6496_90.2732,2,4
4925,24.6496_90.2732,2,4
4933,23.5585_90.4820,2,4
4937,23.5963_90.4643,2,4
4939,22.0997_90.6908,2,4
4940,24.1261_90.3496,2,4
4949,23.6963_89.7143,2,4
4955,22.9963_89.2319,2,4
4965,24.4463_91.9996,2,4
4966,22.4462_90.1732,1,4
4968,22.9585_91.1996,2,4
4969,22.9585_91.1996,1,4
4970,24.4260_89.4496,2,4
4975,24.7173_88.7496,2,4
4980,23.2584_91.1732,2,4
4981,24.5997_90.3530,2,4
4984,23.9963_89.0144,1,4
4987,24.4585_89.9820,2,4
4989,25.3672_89.2530,2,4
4990,24.8463_90.5996,2,4
4993,23.5496_89.2408,2,4
4996,23.3963_89.1232,2,4
4999,22.5172_90.1732,2,4
5001,23.6349_89.1996,1,4
5002,23.6349_89.1996,2,5
5004,23.0260_88.8996,2,4
5006,22.5997_91.7820,2,4
5014,23.0963_91.1732,2,4
5021,24.7848_90.8232,2,4
5050,23.1173_89.6408,1,4
5055,23.1997_90.8232,1,4
5067,22.0761_90.2820,2,4
5071,24.4084_88.6996,2,4
5074,23.3497_91.1496,2,4
5075,23.3497_91.1496,2,4
5084,22.2584_90.2644,2,4
5092,22.8084_89.5996,2,4
5095,23.9497_90.1996,2,4
5098,24.6963_90.9820,2,4
5101,23.2496_91.2908,2,4
5103,23.2496_91.2908,2,4
5108,23.3673_90.0408,2,4
5116,24.9963_89.8496,2,4
5117,24.0260_88.8732,2,4
5118,24.0260_88.8732,1,4
5122,24.3996_89.5320,2,4
5127,24.4673_89.0732,2,4
5128,24.4673_89.0732,2,4
5131,24.0497_90.6496,2,4
5132,24.0497_90.6496,2,4
5134,24.3849_90.4030,2,4
5137,24.0585_90.7408,2,4
5141,24.2584_89.2732,2,4
5160,23.4260_89.5496,2,4
5165,25.0761_89.0030,2,4
5168,22.7463_91.7530,1,4
5184,24.5497_90.3232,2,4
5186,22.9497_91.3143,2,4
5187,22.9497_91.3143,2,4
5189,24.5348_89.5496,2,4
5190,24.5348_89.5496,2,4
5193,24.8496_90.5232,2,4
5196,24.2085_90.6908,2,4
5197,23.4260_89.5408,2,4
5198,24.8463_90.5232,2,4
5208,25.0497_89.3732,2,4
5223,24.7496_90.6320,2,4
5224,24.7085_88.7530,2,4
5225,22.3463_89.9030,2,4
5226,23.8963_90.0530,2,4
5227,23.8963_90.0530,2,4
5232,22.9996_89.2319,2,4
5233,22.4673_89.0530,2,4
5236,24.0172_89.1144,2,4
5237,23.6463_90.4030,2,4
5240,25.3085_89.4408,2,4
5244,24.5963_90.4496,2,4
5245,23.4849_91.2029,2,4
5246,23.4849_91.2029,2,4
5247,23.4849_91.2029,2,4
5252,23.5963_89.6144,1,4
5254,23.9761_90.2029,2,4
5257,23.7962_90.3030,2,4
5259,22.8996_90.4030,1,4
5260,22.8996_90.4030,2,4
5261,24.7997_91.8530,2,4
5264,22.7848_90.1144,2,4
5266,22.2463_91.0732,1,4
5270,22.8261_89.6232,2,4
5274,24.3963_88.9496,2,4
5275,24.3963_88.9496,2,4
5276,25.0673_89.0408,2,4
5281,24.4497_90.7496,2,4
5284,23.1848_90.3496,2,4
5286,23.5963_90.8530,2,4
5287,23.5963_90.8530,2,4
5288,22.8497_89.2996,2,4
5290,22.8996_90.7644,2,4
5292,24.4348_89.0496,2,4
5297,25.0585_89.0496,2,4
5310,23.6261_90.4408,2,4
5311,23.6261_90.4408,1,4
5315,23.1760_90.3530,2,4
5316,23.1760_90.3530,2,4
5318,22.8963_90.4144,1,4
5319,24.0963_90.3408,2,4
5320,24.0963_90.3408,2,4
5321,24.0963_90.3408,2,4
5322,24.0963_90.3408,2,4
5323,24.0963_90.3408,2,4
5337,23.5997_89.6144,1,4
5348,24.1496_90.5530,2,5
5357,23.7584_90.5496,2,4
5358,25.4497_89.3144,2,4
5364,25.5963_89.6496,2,4
5365,23.3497_90.7029,2,4
5366,23.3497_90.7029,2,4
5367,24.0084_89.1232,2,4
5373,22.7496_91.8644,2,4
5374,22.8963_90.7732,2,4
5376,23.8497_89.0496,1,4
5392,24.1963_88.9731,2,4
5416,22.6496_90.9996,1,4
5417,24.9996_89.3820,2,4
5419,24.7496_90.5496,2,4
5420,22.9996_91.5232,2,4
5428,24.3085_91.4644,2,4
5430,23.8761_90.5996,2,4
5431,23.8761_90.5996,2,4
5432,23.8761_90.5996,2,4
5433,23.8761_90.5996,2,4
5436,24.4497_88.7029,2,4
5438,24.2463_91.5030,2,4
5439,24.2463_91.5030,2,4
5440,24.2463_91.5030,2,4
5446,25.2584_89.4408,1,4
5447,23.7584_90.3320,1,4
5448,24.5462_90.3232,2,4
5450,22.0584_90.2408,2,4
5451,22.8261_89.3496,2,4
5454,23.7848_89.2820,2,4
5458,22.7760_90.1320,2,4
5462,24.6463_90.2732,2,4
5463,24.6463_90.2732,2,4
5466,23.6760_88.6029,2,4
5468,23.6760_88.6029,2,4
5470,23.2996_91.2908,2,4
5473,22.7584_90.1030,1,4
5478,24.1496_89.0908,1,4
5483,23.8173_90.1030,2,4
5489,23.9463_89.1029,1,4
5495,22.9963_88.9731,2,4
5498,24.1997_88.9408,2,4
5499,24.1997_88.9408,2,4
5500,24.1997_88.9408,2,4
5502,24.1997_88.9408,2,4
5504,24.1672_90.6732,2,4
5507,23.9996_89.2029,1,4
5508,23.9996_89.2029,1,4
5509,23.9996_89.2029,2,4
5510,23.9996_89.2029,1,4
5511,24.0497_91.2496,2,4
5515,23.0462_89.0030,2,4
5526,24.4172_89.8908,2,4
5527,22.4260_90.4529,2,4
5528,22.8585_91.8029,2,4
5533,24.0348_88.9731,1,4
5540,24.1963_88.9320,2,4
5541,24.1963_88.9320,2,4
5543,23.3173_91.1996,2,4
5548,23.7997_90.0996,2,4
5552,24.5673_90.7530,2,4
5554,24.4348_89.0530,2,4
5559,24.7760_88.7820,2,4
5560,22.0672_90.2820,2,4
5561,25.0963_89.5144,2,4
5563,24.7173_90.3408,2,4
5566,22.9585_91.8820,1,4
5570,23.8585_90.5496,2,4
5571,23.8585_90.5496,2,4
5572,23.8585_90.5496,2,4
5575,23.8585_90.5496,2,4
5576,25.0348_89.3030,2,4
5583,23.7962_91.1496,2,4
5586,25.0462_90.2732,2,4
5587,25.0462_90.2732,2,4
5588,22.8996_90.7732,2,4
5591,24.7672_89.9144,2,4
5597,22.6584_91.1144,2,4
5599,24.5585_90.0644,2,4
5600,24.3261_91.4408,2,4
5604,24.3173_91.4408,2,4
5608,23.6672_88.5996,2,4
5609,23.4497_89.0908,2,4
5614,22.9463_91.0496,2,4
5615,23.3085_91.2908,2,4
5626,24.9585_90.2496,2,4
5628,24.0172_90.1996,2,4
5629,24.0172_90.1996,2,4
5632,22.7261_91.7996,1,5
5640,23.2760_88.9996,2,4
5644,23.7463_90.3408,2,4
5645,23.7463_90.3408,2,4
5655,23.3963_89.1144,2,4
5661,22.4761_89.9731,1,4
5664,23.0997_90.9996,2,4
5665,23.9260_90.0820,2,4
5666,23.9260_90.0820,2,4
5669,23.8085_90.0232,2,4
5670,22.8963_91.2408,2,4
5673,24.5348_89.5644,2,4
5677,24.1760_89.0232,2,4
5685,23.6848_88.6029,2,4
5686,22.9996_91.2530,2,4
5687,25.0462_90.0232,2,4
5691,24.9963_89.8320,2,4
5692,23.6261_89.8530,2,4
5694,23.6261_89.8530,2,4
5695,23.6261_89.8530,2,4
5702,23.6261_89.8530,2,4
5703,23.6261_89.8530,2,4
5706,24.9463_89.4408,1,4
5707,23.4963_90.9496,2,4
5708,23.4963_90.9496,2,4
5711,23.3585_89.3496,2,4
5712,23.8261_88.6530,2,4
5715,25.2672_89.4408,1,4
5721,23.0260_89.5996,1,4
5729,24.7760_89.9144,2,4
5732,24.4260_89.0530,2,4
5734,23.1848_90.2408,2,4
5735,23.1848_90.2408,2,4
5747,23.4996_89.4496,1,4
5754,24.5585_90.4996,2,4
5756,24.5997_90.4030,2,4
5761,23.8761_90.5908,2,4
5762,23.8761_90.5908,2,4
5765,24.5963_91.6496,2,4
5770,23.6261_89.2029,1,4
5775,22.2496_90.7496,2,4
5776,24.0260_88.8644,2,4
5777,24.8962_89.8496,2,4
5779,23.9172_90.1320,2,4
5783,23.0849_89.4496,2,4
5785,23.8761_90.1496,2,4
5793,23.7962_88.7407,2,4
5799,22.8261_89.5996,2,4
5800,22.8261_89.5996,2,4
5801,22.8261_89.5996,2,4
5808,22.0584_90.6996,2,4
5809,24.1085_90.1996,2,4
5818,24.1997_90.6908,2,4
5822,24.7463_89.5996,2,4
5832,23.6173_89.2029,1,4
5833,22.8996_89.5732,2,4
5834,22.8996_89.5732,2,4
5835,24.3963_88.9320,2,4
5836,24.3963_88.9320,2,4
5857,23.2672_91.1030,2,4
5863,23.9172_88.9908,1,4
5865,24.8463_89.3996,1,4
5870,22.8497_89.3030,2,4
5872,23.7463_90.9529,2,4
5875,24.1085_90.1820,2,4
5882,24.6496_90.3530,2,4
5893,24.6261_90.0496,2,4
5902,24.7496_89.8644,2,4
5903,24.7496_89.8644,2,4
5907,22.9585_89.0030,2,4
5909,23.6848_88.5996,2,4
5910,22.0496_90.2320,2,4
5916,23.9172_88.7908,1,4
5918,23.9172_90.7530,2,4
5923,23.7672_90.3232,2,4
5928,23.7672_90.3232,2,4
5931,25.1496_89.9529,2,4
5933,23.5585_90.4732,2,4
5937,23.5260_89.0232,2,4
5938,24.4260_89.8908,2,4
5941,24.0673_90.7408,2,4
5946,23.6848_88.6496,2,4
5950,25.2463_89.4819,2,4
5957,25.0260_89.3030,2,4
5958,25.0260_89.3030,2,4
5959,22.3463_90.3820,2,4
5962,23.0462_89.3996,2,4
5966,23.6173_89.1996,1,4
5974,22.7496_91.7530,1,4
5976,24.5260_88.6996,2,4
5977,24.7463_89.6030,2,4
5981,23.7997_89.2996,2,4
5982,23.7584_90.5530,2,4
5986,23.7962_88.8996,2,4
5990,25.3085_89.4320,1,4
5991,25.3085_89.4320,2,4
5997,24.1085_90.5996,2,4
5998,24.1085_90.5996,2,4
5999,24.9673_90.4496,2,4
6000,24.9673_90.4496,2,4
6005,23.3585_91.8908,1,4
6011,25.0348_89.3732,2,4
6012,23.8173_88.6496,2,4
6024,23.3996_89.1144,2,4
6035,23.0997_90.4496,2,4
6039,24.2261_90.5530,2,4
6040,24.2261_90.5530,2,4
6041,24.0260_90.9030,2,4
6045,25.2997_89.4232,2,4
6054,24.3761_88.9320,2,4
6057,24.9497_89.4408,1,4
6070,25.1496_89.0408,2,4
6073,23.9497_89.1029,1,4
6075,24.5997_91.6530,2,4
6078,24.9963_91.8495,2,4
6080,25.3085_89.5408,2,4
6082,22.2672_90.2732,2,4
6085,24.6997_90.9820,2,4
6093,24.4260_89.4529,2,4
6096,23.6496_88.6408,2,4
6097,24.4463_90.7530,2,4
6101,24.7261_90.4030,1,4
6102,23.3996_91.0908,2,4
6105,25.0963_89.5232,2,4
6106,25.0963_89.5232,2,4
6108,25.3584_89.2530,2,4
6114,22.1672_90.0820,2,4
6119,23.6349_89.8530,2,4
6120,23.6349_89.8530,2,4
6127,24.0963_90.1820,2,4
6130,24.1085_90.8530,2,4
6131,23.9172_90.9996,2,4
6142,23.0462_91.1408,2,4
6143,24.8261_91.6320,2,4
6148,24.6496_90.3996,2,4
6152,23.9084_88.7908,1,4
6153,24.3963_89.5496,2,4
6154,22.7496_90.3996,2,4
6155,22.8996_91.2408,2,4
6158,22.7996_89.6408,2,4
6159,24.7463_90.3732,1,4
6160,22.1848_90.2996,2,4
6162,22.9963_89.2231,2,4
6165,22.8173_91.1732,2,4
6167,23.2085_90.8030,1,4
6168,23.2085_90.8030,1,4
6169,22.8261_90.2908,1,4
6176,24.7349_90.3908,1,4
6177,24.7349_90.3908,1,4
6181,24.5497_90.3144,2,4
6188,23.7672_90.5530,2,4
6194,22.5348_90.4820,2,4
6200,25.0996_89.3030,2,4
6201,25.0996_89.3030,2,4
6202,24.9673_90.2029,2,4
6203,24.0673_90.7320,2,4
6209,22.8173_89.4529,2,4
6210,22.8173_89.4529,2,4
6212,23.9260_90.1496,2,4
6216,23.9996_89.0144,1,4
6220,24.2463_89.2319,2,4
6221,23.1848_90.8320,2,4
6222,24.9849_89.4030,2,4
6230,23.8497_88.7231,1,4
6233,22.9849_90.8732,2,4
6237,23.1963_90.8144,1,4
6240,22.8585_91.2530,2,4
6244,24.1584_90.5530,2,5
6246,23.9172_90.6232,2,4
6248,23.8173_88.9529,1,4
6249,24.2085_88.9320,2,4
6250,23.6173_88.7908,2,4
6252,23.7584_90.0030,2,4
6253,24.4585_90.4232,2,4
6255,22.5963_91.7820,2,4
6259,23.6261_88.8320,1,4
6261,23.9084_90.6320,2,4
6264,24.3173_91.4644,2,4
6275,23.9260_89.0496,1,4
6280,23.4348_89.6530,2,4
6289,24.4585_91.3644,2,4
6296,24.9996_91.8495,2,4
6301,24.9673_90.2530,2,4
6302,24.9673_90.2530,2,4
6306,24.3085_90.5496,2,4
6311,22.5963_90.1496,2,4
6321,24.2962_91.5232,2,4
6322,23.9585_89.8408,2,4
6327,25.1462_89.7496,2,4
6332,24.0260_88.9819,1,4
6336,23.6463_89.8496,2,4
6344,25.0761_90.3320,2,4
6345,25.0761_90.3320,2,4
6346,24.9463_89.4320,2,4
6347,24.9463_89.4320,1,4
6349,23.6997_89.7143,2,4
6350,23.5462_89.2408,2,4
6352,23.6963_90.0496,2,4
6369,23.7997_89.4030,2,4
6379,24.3963_89.5232,2,4
6380,23.8497_89.0996,1,4
6383,23.2496_90.9030,2,4
6397,24.9585_89.8496,2,4
6398,24.9585_89.8496,2,4
6399,23.4172_90.7496,2,4
6404,24.3173_88.8529,2,4
6408,22.7584_90.0996,1,4
6422,23.6760_89.8496,2,4
6430,22.8761_90.8908,2,4
6432,23.5963_91.0496,2,4
6437,24.4260_89.0496,2,4
6438,24.8496_89.4030,1,4
6443,24.8261_90.1820,2,4
6444,23.2584_90.8996,2,4
6446,24.4497_92.0030,2,4
6450,22.9463_91.8820,1,4
6452,23.8996_90.1408,2,4
6453,23.8996_90.1408,2,4
6457,23.7672_90.1408,2,4
6460,24.1963_88.9408,2,4
6461,24.1963_88.9408,2,4
6462,24.1963_88.9408,2,4
6465,23.3673_91.0908,2,4
6466,23.0260_88.9030,2,4
6470,24.0260_89.0996,1,4
6471,25.0996_89.5232,2,4
6473,25.0996_89.5232,2,4
6477,22.7996_89.6320,2,4
6478,22.7996_89.6320,2,4
6482,24.7760_88.7908,2,4
6485,23.9084_89.5996,2,4
6486,23.6349_90.3732,2,4
6487,23.6349_90.3732,2,4
6490,22.7173_89.5820,2,4
6491,22.9497_91.0530,2,4
6492,23.0462_91.8530,1,4
6493,23.0462_91.8530,1,4
6497,23.3463_91.1530,2,4
6500,23.8849_90.1408,2,4
6501,23.8849_90.1408,2,4
6503,25.0462_89.3644,2,4
6504,23.8673_90.5496,2,4
6505,23.0496_91.8908,1,4
6507,24.1584_89.0408,1,4
6509,23.9084_90.6232,2,4
6510,23.2463_89.7496,2,4
6516,25.2997_89.4408,2,4
6517,25.2997_89.4408,2,4
6521,24.2496_90.8144,2,4
6522,24.4463_89.0496,2,4
6523,22.3497_89.8996,2,4
6527,24.7584_90.6030,1,4
6530,24.5585_90.7530,2,4
6531,24.5585_90.7530,2,4
6541,22.8497_90.8820,2,4
6545,24.4585_90.4496,2,4
6546,24.4585_90.4496,2,4
6548,23.7496_90.3232,1,4
6551,22.3084_90.1232,2,4
6553,22.7584_89.0496,1,4
6557,24.2463_90.8232,2,4
6560,22.0963_90.6732,1,4
6561,23.9497_90.0996,2,4
6562,23.8963_90.5908,2,4
6565,23.1584_90.7320,1,4
6568,22.6463_90.9996,1,4
6572,24.4463_90.7496,2,4
6573,23.0496_89.3996,2,4
6576,24.2463_90.0996,2,4
6577,24.2463_90.0996,2,4
6578,23.9348_89.6144,2,4
6582,23.1997_90.7996,1,4
6583,23.6963_89.7231,2,4
6594,23.0462_91.3644,2,4
6596,23.6261_89.5408,2,4
6604,23.1085_89.6496,1,4
6606,23.4348_89.6496,2,4
6607,24.4084_91.8530,2,4
6608,24.8496_89.3996,1,4
6612,23.8996_90.0908,2,4
6614,23.6261_90.1530,2,4
6616,23.8585_90.5908,2,4
6618,23.8585_90.5908,2,4
6621,23.6963_88.5996,2,4
6623,23.8463_89.0496,1,4
6625,23.9172_90.1408,2,4
6626,23.6349_90.1530,2,4
6627,23.6349_90.1530,2,4
6637,24.3996_89.5496,2,4
6638,22.8996_91.2320,2,4
6639,23.4963_89.4819,2,4
6640,22.0496_90.2408,2,4
6642,24.0997_90.1408,2,4
6661,24.3996_88.6732,2,4
6662,24.0497_89.8530,2,4
6675,24.4084_88.6496,2,4
6681,22.7760_90.9030,2,4
6683,23.0462_91.8820,1,4
6688,23.9084_88.8996,1,4
6695,23.2173_89.1530,2,4
6697,24.0348_90.9030,2,4
6704,22.6496_91.0232,1,4
6705,22.6496_91.0232,1,4
6706,23.1672_90.2320,2,4
6710,22.6997_91.1320,2,4
6711,24.6672_88.9408,2,4
6713,22.4673_89.0496,2,4
6714,24.8173_91.6320,2,4
6716,22.8996_90.4144,1,4
6717,22.7996_90.9820,2,4
6718,24.3463_89.5144,2,4
6719,23.8463_88.7231,1,4
6723,22.5172_89.2496,1,4
6728,24.8962_89.9731,1,4
6731,24.6173_88.7496,1,4
6732,23.2584_89.1029,2,4
6734,23.0462_91.8495,1,4
6738,22.8173_89.4496,2,4
6739,22.8173_89.4496,2,4
6742,23.1173_89.1320,2,4
6744,24.7496_89.6030,2,4
6748,23.8963_90.1320,2,4
6749,22.9673_88.9408,2,4
6751,24.1496_90.0496,1,4
6753,24.1085_89.2496,1,4
6754,24.4084_88.7029,2,4
6757,22.9585_88.9408,2,4
6761,23.4673_91.0530,2,4
6762,23.4673_91.0530,2,4
6771,24.3996_89.8530,1,4
6774,23.2496_91.2996,2,4
6782,24.8085_89.8996,2,4
6787,24.2496_91.4996,2,4
6788,24.2496_91.4996,2,4
6789,24.2496_91.4996,2,4
6797,24.1085_90.6030,2,4
6798,24.1085_90.6030,2,4
6800,24.9497_89.4643,2,4
6811,25.1172_89.7408,2,4
6815,24.3761_88.6732,2,4
6817,24.3761_88.6732,1,4
6820,24.7997_91.8495,2,4
6822,22.5963_91.7732,2,4
6823,24.9673_89.8530,2,4
6824,24.9673_89.8530,2,4
6825,24.9673_89.8530,2,4
6832,23.3173_91.2029,2,4
6833,24.7962_89.9030,2,4
6836,22.9996_89.2231,2,4
6838,24.6584_90.5530,1,4
6845,23.6261_89.8644,2,4
6849,22.9463_91.3996,2,4
6850,22.9463_91.3996,1,4
6856,22.5462_89.1496,2,4
6857,22.5462_89.1496,2,4
6858,24.4497_90.4030,1,4
6862,24.1672_90.7496,2,4
6866,23.1997_90.8030,1,4
6870,23.7997_90.0320,2,4
6881,24.8672_91.6996,2,4
6882,23.7463_90.9496,2,4
6886,24.7496_90.7908,2,4
6889,22.7463_91.8732,2,4
6894,25.0348_89.3644,2,4
6895,23.6584_89.5408,2,4
6900,23.5585_91.0530,2,4
6901,22.8497_89.0496,2,4
6904,24.3497_88.7496,2,4
6905,24.3497_88.7496,2,4
6908,23.9497_91.0820,2,4
6909,23.9497_91.0820,2,4
6912,23.7584_90.1408,2,4
6914,23.3085_91.2820,2,4
6916,24.1496_90.5496,2,5
6917,24.1496_90.5496,2,4
6919,24.0462_90.6496,2,4
6920,24.0462_90.6496,2,4
6945,24.6173_88.7530,1,4
6946,22.8261_89.5908,2,4
6950,23.9585_90.1996,2,4
6953,23.7997_90.0408,2,4
6955,23.3497_91.1408,2,6
6963,22.1496_90.3530,1,4
6981,23.2173_89.1644,2,4
6985,24.2962_90.6996,2,4
6998,23.8463_89.3820,2,4
7003,22.8084_89.6320,2,4
7004,24.8463_90.5144,2,4
7010,25.1496_89.0530,2,5
7015,23.7496_90.3408,2,4
7016,23.7496_90.3408,2,4
7021,22.1085_90.2496,2,4
7023,23.0997_91.1732,2,4
7027,24.2496_91.8530,2,4
7033,24.0963_90.6732,2,4
7034,24.0963_90.6732,2,4
7036,23.7997_91.1530,2,4
7042,24.6261_90.0408,2,4
7043,24.0673_89.4030,2,4
7044,22.6672_90.3232,1,4
7045,24.0084_88.8496,2,4
7046,24.0585_90.7320,2,4
7049,22.6496_91.0144,1,4
7051,23.6261_90.1496,2,4
7055,24.3463_89.5232,2,4
7058,25.1496_89.0496,2,4
7060,24.7997_89.8996,2,4
7062,24.0761_90.5908,2,4
7065,23.8173_88.9496,1,4
7071,22.3963_90.7530,2,4
7072,22.3963_90.7530,2,4
7074,23.1963_90.2496,2,4
7075,23.1963_90.2496,2,4
7076,24.3996_90.7496,2,4
7080,22.8497_91.5529,2,4
7088,22.5496_91.7732,2,4
7093,23.6173_90.4232,2,4
7097,23.6997_88.5996,2,4
7103,23.6963_91.0408,2,4
7109,24.6085_88.4907,1,4
7115,22.9585_90.9030,2,4
7124,23.8673_90.5530,2,4
7126,24.3996_89.8496,1,4
7142,24.9996_89.8232,2,4
7145,24.1173_90.8530,2,4
7146,24.3963_91.7408,2,4
7147,23.6261_89.5320,2,4
7148,24.3497_88.9908,2,4
7149,23.0496_91.3644,2,4
7150,24.9996_89.3732,2,4
7152,24.1963_88.9232,2,4
7153,23.9260_90.0908,2,4
7159,25.0585_90.2496,2,4
7161,24.0084_90.1996,2,4
7162,24.0084_90.1996,2,4
7166,23.9463_91.0908,2,4
7167,23.9463_91.0908,2,4
7172,24.8496_90.5996,2,4
7173,24.5260_88.7029,2,4
7181,24.4172_89.8996,2,4
7183,24.2962_91.4996,2,6
7184,24.2962_91.4996,2,4
7189,24.4172_88.7029,2,4
7193,22.1584_90.0820,2,4
7200,22.8673_90.8996,2,4
7202,24.3349_91.8319,2,4
7204,23.3996_88.9496,2,4
7206,24.0963_91.1530,2,4
7212,24.4497_90.4496,2,4
7213,24.4497_90.4496,2,4
7214,23.4996_90.9529,2,4
7215,23.4996_90.9529,2,4
7222,25.1172_89.7496,2,4
7232,23.4849_91.1996,2,4
7233,23.4849_91.1996,2,4
7234,23.4849_91.1996,2,4
7242,23.7848_90.5732,2,4
7244,22.8585_91.6996,1,4
7253,23.3996_90.7496,2,4
7255,24.4673_89.4731,2,4
7257,24.5673_90.4908,2,4
7271,24.9761_89.3996,2,4
7284,23.6997_89.5908,1,4
7285,24.0963_90.1908,2,4
7287,24.0963_90.1908,2,4
7292,23.1760_90.2408,2,4
7293,23.1760_90.2408,2,4
7294,23.0673_91.8908,1,4
7295,24.0172_89.1232,2,4
7296,24.7085_88.7996,2,4
7297,22.5997_91.7732,2,4
7300,24.5348_88.7029,2,4
7301,24.3996_91.7408,2,4
7305,23.1496_89.6496,1,4
7308,24.1997_90.6820,2,4
7310,24.7848_90.8320,2,4
7313,24.3261_91.8407,2,4
7316,24.0084_90.0232,2,4
7317,25.2496_89.4908,2,4
7320,23.7173_90.8644,2,4
7323,23.2962_90.3908,2,4
7325,23.6963_91.0496,2,4
7351,22.6261_90.3820,2,4
7352,23.3585_89.3408,2,4
7356,23.1848_90.2320,2,4
7357,24.4673_89.0644,2,4
7362,23.6463_90.3996,2,4
7366,23.2085_90.9320,2,4
7368,23.3963_91.0820,2,4
7370,22.8497_91.7029,1,4
7375,22.1173_90.7232,2,4
7379,24.3996_88.6496,2,4
7380,24.4497_91.3644,2,4
7381,22.7463_89.0530,2,4
7394,23.4761_91.0530,2,4
7395,23.4761_91.0530,2,4
7397,23.5997_90.8644,2,4
7398,23.5997_90.8644,2,4
7408,23.8463_88.8408,1,4
7409,23.6496_90.4030,2,4
7410,24.1261_90.1732,2,4
7412,24.5462_90.6908,2,4
7416,24.6085_90.4030,2,4
7419,24.2496_90.0996,2,4
7420,24.2496_90.0996,2,4
7423,23.3673_91.8996,1,4
7427,24.7848_89.3996,2,4
7431,22.8963_89.5644,2,4
7432,23.5673_91.0496,2,4
7433,22.8084_91.5643,2,4
7434,25.0849_89.0030,2,4
7441,24.5348_89.5530,2,4
7442,24.5348_89.5530,2,4
7450,23.9172_90.2408,2,4
7454,22.6584_90.3496,2,4
7456,22.8585_91.7029,1,4
7470,22.7760_90.1232,2,4
7472,23.0260_89.6030,1,4
7475,22.7962_89.6232,2,4
7476,25.0172_88.7530,2,4
7478,23.9585_89.1996,1,4
7481,24.2463_91.8530,2,4
7489,24.0172_91.2530,2,4
7493,22.5496_90.1496,1,4
7494,25.0348_89.2996,2,4
7498,24.4673_90.4320,2,4
7508,25.0172_88.7496,2,4
7513,24.7496_90.5996,1,4
7514,23.2996_91.2820,2,4
7521,23.9172_89.5996,2,4
7522,23.9172_89.5996,2,4
7528,25.1963_89.0320,2,4
7533,23.0084_91.2408,2,4
7534,23.7261_90.8732,2,4
7546,22.7848_90.1232,2,4
7548,24.1584_90.1732,2,4
7549,24.1584_90.1732,2,4
7550,24.1584_90.1732,2,4
7561,22.9497_91.4030,2,4
7562,22.9497_91.4030,1,4
7565,23.7962_88.7319,2,4
7570,24.8085_89.4144,1,4
7578,22.4260_90.4496,2,4
7581,24.4585_89.4731,2,4
7584,23.9084_90.1408,2,4
7585,23.3261_90.8232,2,4
7588,24.2584_88.9819,2,4
7591,23.8463_90.5408,2,4
7592,22.8084_91.1732,2,4
7594,24.0462_90.6408,2,4
7600,25.0963_89.3030,2,4
7601,25.0963_89.3030,2,4
7606,23.8849_90.3408,1,4
7616,25.2962_89.4030,2,4
7617,22.7848_90.8996,2,4
7625,23.1997_90.2496,2,4
7626,23.1997_90.2496,2,4
7629,23.8996_90.0820,2,4
7641,22.6349_90.3820,2,4
7643,23.2962_90.3996,2,4
7650,24.3996_91.7496,2,4
7654,24.0585_91.2496,2,6
7655,24.0585_91.2496,2,4
7656,24.0585_91.2496,2,4
7658,23.7997_88.8996,2,4
7665,22.4497_90.1732,1,4
7672,24.2962_91.5408,2,4
7682,22.9497_91.2996,2,4
7688,23.9260_88.9819,1,4
7693,24.7496_90.3732,1,4
7696,24.4497_89.9908,2,4
7697,23.2085_90.9529,2,4
7701,22.2996_90.1232,2,4
7702,24.7997_88.7530,2,6
7707,24.6997_90.1820,2,4
7716,24.3085_90.9144,2,4
7722,25.1997_89.0320,2,4
7724,22.1584_90.3496,1,4
7727,24.3963_89.0996,2,4
7730,24.0585_91.2408,2,4
7733,24.0585_91.2408,2,4
7753,23.8849_90.1530,2,4
7759,24.6760_88.7407,1,4
7760,25.4497_89.2732,1,4
7773,24.4463_89.0530,2,4
7777,22.8585_89.0530,2,4
7778,22.8585_89.0530,2,4
7781,24.3761_88.8996,2,4
7789,24.4497_88.6996,2,4
7791,24.4996_90.2496,2,4
7794,24.4585_91.3732,2,4
7795,23.8463_90.7029,2,4
7798,23.5997_90.4643,2,4
7799,23.5997_90.4643,2,5
7801,24.3849_90.3996,2,4
7803,22.7496_89.0530,2,4
7804,22.7496_89.0530,1,4
7805,23.8463_90.6908,2,4
7806,23.8463_90.6908,2,6
7809,24.4585_88.6996,2,4
7810,24.4585_88.6996,2,4
7811,24.0172_88.8529,2,4
7814,24.7962_91.8530,2,4
7816,23.9673_89.1996,1,4
7820,22.8585_91.7996,2,4
7821,22.8173_91.1644,2,4
7822,23.8463_89.2029,2,4
7824,23.1848_90.8232,2,4
7829,23.9673_90.1996,2,4
7848,22.6963_90.0908,2,4
7850,22.9463_91.4030,2,4
7851,22.9463_91.4030,1,4
7853,24.7760_89.4030,2,4
7860,24.7760_89.4030,2,4
7861,24.7760_89.4030,2,4
7869,24.3085_91.4732,2,4
7870,24.4963_88.8996,1,4
7872,24.1584_90.0530,1,4
7873,24.9963_89.8530,2,4
7877,23.2584_91.0996,2,4
7878,24.4996_91.6996,2,4
7880,22.2996_90.1144,2,4
7894,25.4497_89.3232,2,4
7896,23.2996_90.3908,2,4
7903,22.8173_89.5908,2,4
7904,22.8173_89.5908,2,4
7905,24.5260_88.8820,2,4
7906,24.5260_88.8820,1,4
7908,23.6963_90.0530,2,4
7915,22.8084_89.4496,2,4
7922,24.2463_91.2496,2,4
7931,24.5963_90.3496,2,4
7933,25.0084_88.7530,2,4
7943,22.8173_90.2908,1,4
7947,23.4963_91.1530,2,4
7948,23.4963_91.1530,2,4
7955,24.1760_90.6732,2,4
7961,22.0963_90.6644,1,4
7964,23.8996_90.1496,2,4
7965,23.8996_90.1496,2,4
7972,24.5585_90.8732,2,4
7974,23.4260_88.9030,1,4
7976,24.7463_89.8732,2,4
7977,24.3673_90.7496,2,4
7978,24.2760_88.9996,2,4
7979,23.2584_91.1030,2,4
7983,22.3963_90.7496,2,4
7984,22.3963_90.7496,2,4
7985,22.6672_91.1144,2,4
7992,22.9585_91.2029,2,4
7993,22.9585_91.2029,1,4
7999,23.7997_90.0232,2,4
8000,22.3463_89.8996,2,4
8001,23.4084_90.1732,2,4
8004,22.6173_90.6496,2,4
8017,22.9585_90.8996,2,4
8023,23.7496_91.1030,2,4
8025,24.5673_90.0644,2,4
8027,23.5997_90.8496,2,4
8030,24.5585_90.8644,2,4
8034,22.9963_91.5144,2,4
8036,24.2463_90.8144,2,4
8043,22.9172_89.0530,2,4
8053,24.2584_89.2820,2,4
8071,24.4996_92.0529,2,4
8075,22.9463_91.0530,2,4
8082,23.9673_89.8320,2,4
8083,23.7997_89.3996,2,4
8096,24.5761_91.6820,2,4
8100,24.4761_91.9820,2,4
8103,23.3497_89.5320,2,4
8104,23.3497_89.5320,2,4
8109,23.0462_91.8908,1,4
8111,23.1085_91.0030,2,4
8112,22.5260_90.1732,2,4
8114,23.5849_91.0644,2,4
8115,23.5849_91.0644,2,4
8119,23.6349_89.1908,1,4
8124,24.3996_88.9529,2,4
8125,24.3996_88.9529,2,4
8127,23.9084_89.6030,2,4
8129,25.0849_90.3408,2,4
8130,23.6760_88.6530,2,4
8137,23.9585_90.0996,2,4
8139,24.3261_91.4496,2,4
8140,22.6261_88.9819,2,4
8146,23.9463_89.0996,1,4
8147,23.9463_89.0996,1,4
8154,23.1963_90.8232,1,4
8160,24.7997_88.9643,2,4
8163,22.3084_90.1144,2,4
8164,24.2848_88.9908,2,4
8168,22.2496_91.0820,1,4
8169,25.0996_89.5144,2,4
8170,24.5260_89.5030,2,4
8174,24.2496_91.2496,2,4
8175,24.0997_90.6996,1,4
8178,24.4673_88.6996,2,4
8179,23.9172_88.7820,1,4
8180,23.0997_90.4529,2,4
8183,23.7496_90.1996,2,4
8184,23.7496_90.1996,2,4
8185,23.7496_90.1996,2,4
8190,25.0497_90.0232,2,4
8191,25.0497_90.0232,2,4
8193,22.8173_89.5820,2,4
8195,22.8173_89.5820,2,4
8201,22.7962_90.9732,2,4
8204,23.9585_89.2644,2,4
8207,25.0761_88.9996,2,4
8216,24.3996_88.9496,2,4
8217,24.3996_88.9496,2,4
8219,22.9172_90.9232,1,4
8222,24.1496_90.1644,2,4
8223,24.1496_90.1644,2,4
8224,23.5997_90.8530,2,4
8225,23.5997_90.8530,2,4
8226,22.8463_89.2996,2,4
8228,23.2496_89.7496,2,4
8233,25.3672_89.2496,2,4
8235,23.8497_90.5408,2,4
8241,23.2996_89.0232,1,4
8242,22.6349_90.3732,2,4
8249,24.7997_89.9030,2,4
8250,22.8963_90.7644,2,4
8258,22.8084_89.6408,2,4
8259,23.6261_89.1908,1,4
8260,23.8085_89.3908,2,4
8262,24.5673_89.5530,2,4
8266,25.1584_89.9496,2,4
8268,25.4463_89.2732,1,4
8272,24.1760_90.6820,2,4
8279,23.4463_89.8732,2,4
8280,22.6584_90.3530,2,4
8283,23.8173_90.3030,2,4
8285,22.9849_90.8820,2,4
8288,24.0849_90.5908,2,4
8291,23.8673_90.5908,2,4
8294,23.8673_90.5908,2,4
8296,23.6173_89.8496,2,4
8298,24.2463_89.1732,2,4
8299,24.3849_88.9320,2,4
8300,25.0996_89.4496,2,4
8303,24.4260_89.8996,2,4
8306,23.3996_89.1232,2,4
8323,24.1672_90.7530,2,4
8324,23.9497_90.1496,2,4
8325,22.8761_90.8996,2,4
8328,25.0673_89.0496,2,4
8331,23.1085_90.4496,2,4
8341,23.9172_90.6530,2,4
8346,23.6463_90.5320,2,4
8348,22.5172_90.1820,2,4
8352,23.6261_89.1996,1,4
8353,23.6261_89.1996,1,4
8359,24.8496_90.6030,2,4
8362,24.2997_91.4820,2,4
8374,23.9963_89.2996,2,4
8376,24.1584_90.1644,2,4
8380,24.2496_89.2732,2,4
8384,22.6349_90.3644,2,4
8393,24.3761_91.5408,2,4
8400,22.9497_91.8732,1,4
8401,22.9497_91.8732,1,4
8407,24.9497_90.5732,2,4
8409,22.7463_90.9820,1,4
8429,22.7496_89.0496,2,4
8430,22.7496_89.0496,1,4
8431,23.1085_90.9996,2,4
8438,23.3463_90.7029,2,4
8439,23.3463_90.7029,2,4
8444,24.9996_89.8320,2,4
8445,22.4462_89.8820,2,4
8448,23.7173_90.0820,2,4
8452,23.9260_90.9996,2,4
8460,24.2463_91.4496,2,4
8461,24.2463_91.4496,2,4
8462,23.4348_89.5408,2,4
8468,24.7672_88.6820,2,4
8470,23.2085_90.7996,1,4
8471,23.2085_90.7996,1,4
8472,23.3497_90.6996,2,4
8473,23.3497_90.6996,2,4
8474,23.5997_91.0530,2,4
8475,23.0348_89.5996,1,4
8478,23.9849_90.0820,2,4
8479,23.9849_90.0820,2,4
8482,23.3085_91.1996,2,4
8486,24.4463_88.9908,2,4
8489,24.0497_90.6232,2,4
8496,23.7496_90.2029,2,4
8497,23.7496_90.2029,2,4
8498,23.7496_90.2029,2,4
8499,23.7496_90.2029,2,4
8502,23.4963_90.9529,2,4
8503,23.4963_90.9529,2,4
8506,24.8261_91.6408,2,4
8507,24.7584_90.5996,1,4
8510,22.5172_90.3530,2,4
8515,23.6349_88.8408,1,4
8517,22.7848_90.9030,2,4
8519,23.9172_88.9819,1,4
8520,22.3463_90.3732,2,4
8525,24.7672_88.7908,2,4
8528,23.7496_90.3320,2,4
8529,23.7496_90.3320,1,4
8541,24.0084_91.2496,2,4
8542,23.1760_90.8232,2,4
8543,23.9463_90.1530,2,4
8544,23.9463_90.1530,2,4
8546,24.1584_90.0496,1,4
8549,24.0172_88.8644,2,4
8554,24.1085_90.5908,2,4
8558,25.2463_89.3232,2,4
8559,25.2463_89.3232,2,4
8562,23.3996_90.7530,2,4
8565,23.6261_88.8408,1,4
8569,23.7463_91.0996,2,4
8570,24.9497_89.3996,2,4
8586,24.3673_88.8996,2,4
8587,23.9849_90.1996,2,4
8589,24.6496_90.5496,1,4
8592,24.5673_90.0732,2,4
8594,22.8173_91.5643,2,4
8595,23.5997_88.7820,2,4
8596,23.4963_89.4529,1,4
8598,23.8761_90.1408,2,4
8599,23.8761_90.1408,2,4
8600,23.7962_89.2996,2,4
8603,24.5260_89.5644,2,4
8604,22.0997_90.6644,1,4
8605,23.8963_90.1496,2,4
8606,23.8963_90.1496,2,4
8610,24.3963_89.5530,2,4
8613,24.7496_90.6232,2,4
8617,24.2496_91.2408,2,4
8622,24.6173_89.0030,2,4
8630,23.7962_88.9030,2,4
8638,23.6672_90.3644,2,4
8639,24.0348_88.9819,1,4
8644,23.9996_90.0820,2,4
8647,24.0673_89.8908,2,4
8648,24.0673_89.8908,2,4
8651,24.3761_91.5496,2,4
8663,23.2672_91.0996,2,4
8664,22.9996_91.2496,2,4
8668,24.0172_90.0232,2,4
8669,23.3761_89.7820,2,4
8679,23.4260_90.7496,2,4
8688,24.3173_91.4732,2,4
8690,22.8084_89.6030,2,4
8691,23.0462_88.9996,2,4
8692,24.8463_89.4030,1,4
8696,24.5462_89.4731,2,4
8697,23.2463_91.8029,1,4
8700,25.2584_89.3496,2,4
8701,24.0963_90.1496,2,4
8702,25.1496_89.7496,2,4
8706,23.8463_90.6820,2,4
8707,23.8463_90.6820,2,4
8722,24.0497_89.0496,1,4
8724,23.5997_88.7908,2,4
8728,23.3963_88.9529,2,4
8732,24.5585_89.5530,2,4
8744,22.3849_89.0820,2,4
8748,23.3497_89.3408,2,4
8757,24.9463_89.2996,2,4
8764,24.3996_89.0996,2,4
8765,22.1173_90.7143,2,4
8768,23.6997_88.5908,2,4
8777,24.1085_90.3496,2,6
8778,24.1085_90.3496,2,4
8796,24.8173_89.8996,2,4
8798,23.8761_90.3408,1,4
8801,22.9585_91.8908,1,4
8810,24.0172_89.0996,1,4
8812,24.0172_89.0996,1,4
8813,23.8996_88.8996,1,4
8815,23.8996_90.1232,2,4
8816,24.4497_90.7530,2,4
8817,24.7962_89.8996,2,4
8818,24.3761_90.7530,2,4
8820,23.9172_90.7496,2,4
8823,24.1349_90.3530,2,4
8830,22.8173_90.2996,1,4
8831,24.6173_89.4496,2,4
8837,23.1997_92.0643,1,4
8838,23.1997_92.0643,1,4
8840,22.8173_90.3996,2,4
8843,24.4497_89.0496,2,4
8847,23.6463_90.5496,2,4
8848,23.6463_90.5496,2,4
8849,23.6463_90.5496,2,4
8850,23.6463_90.5496,2,4
8851,23.6463_90.5496,2,4
8852,23.6463_90.5496,2,4
8853,23.6463_90.5496,2,4
8859,24.6584_88.9408,2,4
8861,23.6997_90.0530,2,4
8868,22.9996_91.2320,2,4
8872,23.6963_89.5908,1,4
8873,24.2496_91.8495,2,4
8875,25.1584_89.9529,2,4
8876,25.2463_89.4908,2,4
8877,22.9463_89.4731,2,4
8880,22.7173_89.5908,2,4
8882,23.9761_90.1996,2,4
8883,24.3085_88.8496,2,4
8884,25.0761_90.8996,2,4
8887,23.6997_90.9643,2,4
8888,25.1462_89.7530,2,4
8894,24.1085_90.8496,2,4
8899,24.1085_90.3530,2,4
8905,24.3963_91.7496,2,4
8913,24.1173_89.2408,1,4
8915,25.4463_89.2644,1,4
8918,22.7173_91.7996,1,5
8922,24.7997_89.4144,1,4
8923,24.6997_88.7996,2,4
8927,24.1085_89.2408,1,4
8934,25.1462_89.0408,2,4
8937,23.6173_90.4320,2,4
8938,23.6173_90.4320,2,4
8941,23.6463_89.8530,2,4
8948,24.5997_89.5530,2,4
8949,24.5997_89.5530,2,4
8952,24.4585_90.4529,2,4
8953,24.4585_90.4529,2,4
8959,22.2996_90.1030,2,4
8964,23.1496_89.6530,1,4
8965,24.0963_90.6820,2,4
8966,24.0963_90.6820,2,4
8972,23.5673_88.7732,2,4
8975,23.9172_90.0908,2,4
8983,23.9463_90.1908,2,4
8993,24.0084_89.1029,1,4
9004,24.5260_89.5496,2,4
9011,24.0997_90.5996,2,4
9012,24.0997_90.5996,2,4
9015,24.6997_88.8644,1,4
9016,25.0849_90.3320,2,4
9021,22.2496_90.7408,2,4
9022,24.9585_89.8530,2,4
9023,24.9585_89.8530,2,4
9026,23.6963_90.9643,2,4
9027,25.0761_89.0320,2,4
9028,23.7584_89.9996,2,4
9029,23.6349_89.8496,2,4
9030,23.6349_89.8496,2,4
9031,23.4463_89.0996,2,4
9043,24.9849_88.9996,2,4
9047,24.0761_90.9496,2,4
9052,23.7962_90.1030,2,4
9053,24.0084_90.0144,2,4
9057,22.7672_88.9731,2,4
9058,24.5497_90.8732,2,4
9068,22.8463_90.8908,2,4
9069,22.8463_90.8908,2,4
9076,23.7085_90.0908,2,4
9077,23.4963_90.9820,2,4
9080,23.6848_89.8496,2,4
9081,22.6672_91.1232,2,4
9083,24.6997_90.1732,1,4
9094,24.5997_88.4819,1,4
9104,22.7085_89.5820,2,4
9112,24.2463_91.4996,2,4
9113,24.2463_91.4996,2,4
9114,24.2463_91.4996,2,4
9116,24.3673_88.6644,2,4
9118,24.4084_89.8496,1,4
9124,25.4585_89.2996,2,4
9127,24.4084_89.8530,1,4
9134,24.0260_88.9731,1,4
9148,24.0260_90.8996,2,4
9150,22.9996_88.9819,2,4
9152,23.6963_90.9732,2,4
9153,24.1672_90.1732,2,4
9156,22.4761_89.9820,1,4
9158,23.9996_89.2996,2,4
9162,24.7261_90.3908,1,4
9167,23.7997_90.3232,2,4
9173,23.6760_89.4529,1,4
9177,24.4172_91.8530,2,4
9178,23.9172_90.6496,2,4
9180,22.8261_90.2996,1,4
9184,24.0997_90.7029,1,4
9185,24.6085_89.4496,2,4
9187,25.1672_89.7530,2,4
9193,22.6173_90.6408,2,4
9203,25.0996_89.2996,2,4
9204,25.0996_89.2996,2,4
9208,23.7997_90.1144,2,4
9211,22.6963_90.1996,2,4
9215,24.8349_90.1820,2,4
9218,24.2496_90.1030,2,4
9221,24.2496_90.1030,2,4
9237,23.6261_90.4496,2,4
9238,23.6261_90.4496,1,4
9243,23.8963_88.8320,1,4
9244,25.1084_89.7496,2,4
9249,24.0849_90.9320,2,4
9250,24.0849_90.9320,2,4
9255,22.8497_91.6996,1,4
9257,22.9761_90.8732,2,4
9261,24.1173_90.1732,2,4
9267,24.3085_90.5530,2,4
9273,23.9260_89.6144,2,4
9274,23.9260_89.6144,2,4
9285,24.8584_91.9529,2,4
9286,24.5084_92.0496,2,4
9287,23.6963_88.5908,2,4
9292,24.0673_91.2530,2,6
9293,24.0673_91.2530,2,4
9296,23.8497_89.4030,2,4
9297,24.2997_90.6908,2,4
9303,23.9172_90.1530,2,5
9304,23.3963_91.0908,2,4
9305,23.6760_90.3732,2,4
9311,23.9996_89.1996,1,4
9312,23.9996_89.1996,1,4
9313,23.9996_89.1996,2,5
9314,23.9996_89.1996,2,5
9315,23.9996_89.1996,2,4
9316,23.9996_89.1996,1,4
9326,22.4462_89.8732,2,4
9330,22.8084_90.3996,2,4
9334,23.1963_92.0731,1,4
9337,24.4673_89.4643,2,4
9340,25.2962_89.3996,2,4
9342,24.3085_88.8529,2,4
9343,23.2496_89.7530,1,4
9344,23.2496_89.7530,2,4
9345,24.6760_90.5908,1,4
9347,24.0997_90.1496,2,4
9348,23.9084_88.9030,1,4
9350,22.0997_90.6820,2,4
9351,22.1672_90.0908,2,4
9353,24.0761_90.5996,2,4
9356,24.7962_88.9643,2,4
9361,23.7463_91.1030,2,4
9366,24.4463_89.4496,2,4
9369,23.6463_90.9496,2,4
9370,23.6463_90.9496,2,4
9371,24.9463_89.4030,2,4
9372,23.2848_88.9996,2,4
9373,23.9463_90.1996,2,4
9380,22.8497_90.8908,2,4
9381,22.8497_90.8908,2,4
9383,22.0997_90.6732,1,4
9384,24.4673_88.6908,2,5
9390,23.8849_90.5996,2,4
9398,22.9497_91.3996,2,4
9399,22.9497_91.3996,1,4
9402,23.9996_89.1908,2,5
9405,23.4996_90.9496,2,4
9406,23.4996_90.9496,2,4
9409,22.9585_90.3996,1,4
9425,22.8173_89.3496,2,4
