label_id,patch_id,class,n_patches
3,24.4084_90.8144,2,1
15,25.0260_89.4232,2,1
21,23.2848_91.0644,2,1
26,23.5260_89.5908,2,1
51,24.7085_89.5232,2,1
52,23.1173_91.0232,2,1
64,23.2085_91.2820,2,1
65,23.2085_91.2820,2,1
66,22.5496_90.4643,2,1
68,23.1173_89.2908,2,1
76,23.0849_91.1644,2,1
77,24.1085_90.5820,2,1
82,23.3349_89.7820,2,1
96,23.0496_89.6732,1,1
103,23.1261_90.9232,2,1
108,22.8084_90.9529,1,1
110,24.3261_90.5144,1,1
112,23.2584_89.6320,1,1
115,24.1261_91.1320,2,1
120,24.6261_90.4144,1,1
127,22.2584_90.4144,2,1
128,23.2848_89.1820,2,1
129,23.7848_90.1408,2,1
134,23.3349_88.8908,1,1
139,22.9761_89.1908,2,1
141,22.8173_90.9144,2,1
142,23.3463_88.9408,2,1
153,24.0849_90.9408,2,1
160,24.3996_88.9908,2,1
168,25.4084_89.4908,2,1
171,23.1173_91.2408,2,1
175,22.9497_91.0644,2,1
187,23.5761_89.2820,2,1
189,23.7085_89.3996,2,1
205,23.4172_88.8408,2,1
206,23.4172_88.8408,2,1
207,23.4172_88.8408,2,1
208,23.4172_88.8408,2,1
209,23.4172_88.8408,1,1
219,23.5849_90.7320,2,1
225,23.1463_90.8908,2,1
228,24.1848_88.9819,1,1
229,24.1848_88.9819,2,1
237,23.8849_90.6232,2,1
246,22.2085_91.1408,1,1
253,23.7672_90.5644,2,1
255,24.6085_88.9819,2,1
256,23.4761_89.9820,2,1
258,22.9260_91.2144,2,1
261,24.1848_90.7408,2,1
266,24.1584_89.5820,2,1
268,24.1173_90.1644,2,1
269,24.1173_90.1644,2,1
272,23.4761_88.8644,2,1
274,23.1261_89.2732,2,1
276,23.7848_90.5908,2,1
286,23.0673_91.1644,2,1
288,24.8173_89.4408,1,1
296,23.6261_89.7143,2,1
298,24.5585_88.9320,2,1
299,24.5585_88.9320,2,1
301,23.7760_90.5820,2,1
304,23.4348_89.5144,1,1
312,22.3996_89.2029,2,1
313,24.2173_90.9144,2,1
316,23.7085_90.0820,2,1
321,22.5462_90.3530,2,1
326,24.3673_89.2644,2,1
330,23.9761_90.5820,2,1
334,23.6261_89.7644,2,1
342,24.7848_88.9529,1,1
343,24.7848_88.9529,1,1
363,23.1173_89.1232,1,1
365,24.5761_88.6820,2,1
376,22.9084_88.9232,2,1
380,23.4260_88.9408,1,1
383,23.7584_90.3232,2,1
391,24.7672_88.8644,2,1
393,24.8672_88.8644,2,1
410,25.4172_89.3320,1,1
412,23.0172_89.5644,1,1
420,23.4348_89.5320,1,1
421,23.7672_88.6029,2,1
422,23.7672_88.6029,1,1
423,23.7261_90.2143,2,1
424,24.2962_91.0644,2,1
428,22.9673_89.0030,2,1
430,23.5172_89.0144,2,1
431,23.0963_89.2908,2,1
434,24.4084_88.6732,2,1
439,23.4084_88.8820,2,1
440,22.3349_90.1408,2,1
455,24.5761_88.8320,2,1
459,24.1760_88.9643,2,1
467,25.1584_89.3908,2,1
468,25.1584_89.3908,2,1
469,24.4585_89.6144,2,1
474,23.1672_91.4644,2,1
478,24.9849_89.8644,2,1
479,24.6963_90.1820,2,1
482,25.0673_89.9908,2,1
487,24.6963_90.5144,1,1
491,22.4849_89.1144,2,1
494,23.6261_89.7820,2,1
518,25.3848_89.3530,2,1
521,22.6584_89.2908,2,1
522,23.4172_90.9408,2,1
528,24.7261_89.9408,2,1
532,22.7349_91.7530,1,1
535,23.2584_89.0820,2,1
553,23.7760_90.3144,2,1
556,23.7760_90.3144,2,1
567,23.9260_89.0320,1,1
581,23.6261_90.9732,2,1
582,23.6349_88.6530,1,1
584,24.4673_89.4320,2,1
588,25.0673_91.4820,2,1
591,24.6849_90.8530,2,1
598,23.9260_90.1644,2,1
599,23.9260_90.1644,2,1
603,23.7261_89.5320,2,1
604,22.8349_89.5530,2,1
617,22.7261_91.7732,1,1
618,22.7261_91.7732,1,1
636,25.3349_89.3144,2,1
639,25.1760_88.9731,2,1
647,22.8963_90.9996,2,1
648,23.9761_89.2820,2,1
649,23.9761_89.2820,2,1
650,23.9761_89.2820,2,1
655,24.2496_91.4496,2,1
656,23.8349_88.8820,1,1
662,23.8349_90.0820,1,1
663,24.4497_89.4320,2,1
664,23.2672_89.5144,2,1
665,23.3349_91.1908,2,1
699,24.4260_91.7530,2,1
706,23.5761_89.1320,1,1
707,23.5761_89.1320,2,1
712,24.2173_90.7732,2,1
716,25.4585_89.3232,2,1
727,22.7848_89.3320,2,1
730,24.7261_90.1530,2,1
731,23.7848_90.0908,2,1
736,24.2997_90.5408,1,1
743,23.2261_90.8530,2,1
744,24.4585_88.7644,2,1
759,24.3497_89.8820,2,1
760,24.8261_88.7996,2,1
762,22.3761_90.7029,2,1
766,23.4673_89.5530,1,1
771,24.4761_89.9030,1,1
778,23.6085_89.7408,2,1
785,22.4849_89.2644,2,1
786,24.4761_89.9643,2,1
787,24.4761_89.9643,2,1
806,23.8085_88.9030,2,1
813,24.0673_90.9529,2,1
815,22.5084_90.3908,1,1
816,22.5084_90.3908,1,1
823,24.2349_89.5644,2,1
824,24.2349_89.5644,2,1
825,24.2349_89.5644,2,1
826,24.2349_89.5644,2,1
844,24.9349_89.4232,2,1
845,24.3173_90.0732,2,1
847,23.6672_88.8644,2,1
856,24.2584_90.7732,2,1
865,24.1760_88.9529,2,1
888,22.1261_90.2530,2,1
902,24.5462_88.6732,2,1
903,24.8085_89.5232,2,1
915,22.7349_91.7732,1,1
922,23.3585_90.1232,2,1
923,23.3585_90.1232,2,1
931,23.6349_90.4320,2,1
939,22.9348_91.2320,2,1
941,23.4260_89.0232,2,1
956,24.0348_88.9232,1,1
959,23.9673_89.4144,2,1
961,23.9084_90.0996,2,1
971,24.1085_90.3408,2,1
972,24.1085_90.3408,2,1
977,22.8463_90.8644,2,1
983,23.8761_88.9529,2,1
984,24.8760_89.9731,2,1
989,22.7848_91.7320,1,1
990,24.9084_90.8144,1,1
991,23.6085_88.7644,1,1
1000,24.5761_92.0819,2,1
1003,24.4761_89.4643,2,1
1005,24.6463_88.9408,2,1
1009,23.6173_88.7644,1,1
1013,23.7463_89.2644,1,1
1018,24.5084_89.9731,1,1
1022,24.1173_91.1644,2,1
1024,24.0462_90.1820,2,1
1027,23.2173_89.5644,2,1
1029,23.7760_90.2143,2,1
1030,23.7760_90.2143,2,1
1033,24.4348_88.3820,2,1
1040,24.2962_91.0732,2,1
1041,24.9172_88.8820,2,1
1042,24.3085_90.7143,2,1
1045,24.8848_89.2029,2,1
1046,24.8848_89.2029,2,1
1054,22.8963_90.9320,2,1
1060,23.5761_90.8644,2,1
1061,22.5496_89.1320,2,1
1064,23.7173_88.6144,1,1
1072,23.6760_90.5732,2,1
1075,23.5585_88.8496,2,1
1092,23.2848_90.9144,2,1
1093,23.4849_89.2644,2,1
1100,24.4849_91.7144,1,1
1103,23.5084_89.2029,2,1
1110,24.7349_88.9408,2,1
1111,24.7349_88.9408,2,1
1114,23.5348_91.1320,2,1
1121,24.6085_88.6644,1,1
1136,22.8349_91.5529,2,1
1137,22.8349_91.5529,2,1
1140,24.4348_88.5144,2,1
1146,24.9084_91.4732,2,1
1150,24.4348_91.8530,2,1
1158,23.1085_89.3030,2,1
1159,22.8084_89.1820,2,1
1174,24.5260_90.0908,2,1
1175,24.9761_89.3644,2,1
1178,23.1760_90.2320,2,1
1184,22.9084_90.9408,2,1
1186,23.9849_89.2644,2,1
1187,23.9849_89.2644,2,1
1191,22.9348_91.5529,2,1
1192,22.9348_91.5529,2,1
1197,22.6963_91.7530,1,1
1198,24.8584_88.9232,2,1
1199,22.0761_90.2231,2,1
1200,23.8849_90.2143,2,1
1212,24.1261_89.8732,2,1
1216,24.8672_89.5408,2,1
1218,24.4260_89.4643,2,1
1219,24.8584_89.9643,2,1
1224,22.7848_90.8732,1,1
1229,23.0348_89.1232,2,1
1235,24.6349_88.9529,2,1
1237,23.9084_89.6320,2,1
1248,24.4172_91.8407,2,1
1254,23.9463_90.2408,2,1
1256,23.9260_88.8144,1,1
1262,23.8673_90.5820,2,1
1265,23.1848_89.5908,2,1
1283,23.1672_90.8320,2,1
1301,24.7261_90.3732,1,1
1315,24.2997_89.0144,2,1
1316,23.0462_91.1820,2,1
1322,25.0673_91.3820,2,1
1331,25.2672_89.3644,1,1
1332,22.9849_89.0320,2,1
1335,22.8673_89.0144,2,1
1339,24.5849_88.8144,2,1
1355,24.9849_89.8408,2,1
1356,24.9849_89.8408,2,1
1361,24.6261_89.5408,2,1
1370,22.8261_89.5820,2,1
1371,23.9849_90.0320,2,1
1375,25.2349_89.0144,2,1
1377,24.4260_88.4320,2,1
1383,23.5585_90.1908,2,1
1384,24.3463_89.5644,2,1
1385,24.9084_89.9643,1,1
1386,24.9084_89.9643,1,1
1389,22.8673_91.0530,2,1
1396,25.0084_90.4908,2,1
1397,23.6963_88.8144,1,1
1404,22.9348_90.9144,1,1
1405,22.9348_90.9144,2,1
1406,22.9348_90.9144,2,1
1407,22.9348_90.9144,2,1
1410,22.5761_90.4732,1,1
1411,23.3849_89.7231,2,1
1415,23.8349_89.3820,2,1
1423,24.0172_89.0908,2,1
1424,24.0172_89.0908,1,1
1425,24.0172_89.0908,1,1
1430,24.0172_89.0908,1,1
1433,23.9084_90.6144,2,1
1448,23.7760_90.2644,2,1
1449,24.9084_88.9232,2,1
1452,24.4348_88.9529,2,1
1456,22.7261_90.3908,2,1
1465,23.8085_90.0320,2,1
1474,24.2349_89.5732,2,1
1476,23.5084_89.4731,2,1
1477,23.5084_89.4731,2,1
1479,25.5849_89.6408,2,1
1481,22.1173_90.7908,2,1
1485,23.3261_90.2820,2,1
1486,23.1349_89.6408,1,1
1490,22.7760_89.0408,2,1
1491,22.7760_89.0408,2,1
1492,22.7760_89.0408,2,1
1496,25.1462_88.8820,2,1
1509,24.7584_88.9320,2,1
1511,22.9673_91.4320,2,1
1512,22.9673_91.4320,2,1
1513,23.7848_88.7732,1,1
1514,23.5348_88.7732,2,1
1527,23.6261_90.4232,2,1
1529,23.6261_90.4232,2,1
1531,23.6261_90.4232,2,1
1547,23.5849_90.6732,2,1
1548,24.7760_89.5408,2,1
1551,24.2848_89.0320,2,1
1557,24.9849_90.3644,2,1
1558,24.9849_90.3644,2,1
1559,24.9849_90.3644,2,1
1560,24.9849_90.3644,2,1
1574,24.3849_88.9643,2,1
1575,22.8463_90.8320,2,1
1579,22.9673_89.8408,2,1
1582,24.6584_89.8232,2,1
1583,24.7349_91.8407,2,1
1590,22.8261_89.6030,2,1
1604,24.2085_90.7143,2,1
1611,22.8585_89.3530,2,1
1617,22.9673_91.2232,2,1
1618,22.9673_91.2232,2,1
1619,24.7760_89.9408,2,1
1622,24.1349_91.1408,2,1
1623,24.1349_91.1408,2,1
1624,24.1349_91.1408,2,1
1625,24.1349_91.1408,2,1
1626,24.0084_89.1144,1,1
1629,24.0172_89.0030,1,1
1641,24.0761_89.8732,2,1
1643,23.8963_88.8408,1,1
1647,24.0260_88.9320,1,1
1650,23.8849_88.8408,1,1
1655,24.5761_90.3644,2,1
1659,23.4585_88.8644,1,1
1660,24.7349_89.8232,2,1
1664,23.8173_90.1144,2,1
1675,23.8761_89.1732,2,1
1682,24.6760_89.9820,2,1
1683,23.8673_90.8644,2,1
1684,24.5585_89.9908,2,1
1686,23.9172_90.3320,1,1
1693,23.9172_90.1232,2,1
1694,23.9172_90.1232,2,1
1706,22.7085_90.4144,1,1
1707,22.7085_90.4144,2,1
1708,23.1349_90.9232,2,1
1710,23.6672_89.7029,2,1
1713,22.6463_90.3408,2,1
1715,24.7760_89.8644,2,1
1716,23.4963_90.9144,2,1
1717,22.7584_89.0320,1,1
1729,22.9673_89.4731,2,1
1734,24.2584_91.5320,2,1
1737,22.7584_91.7908,1,1
1744,23.1349_89.1732,2,1
1745,23.0462_89.4144,2,1
1748,24.8760_88.9908,2,1
1750,24.5585_90.3144,2,1
1756,22.9348_89.0732,2,1
1758,25.1963_89.9144,2,1
1760,24.1848_89.2644,2,1
1762,22.3849_90.7143,2,1
1765,22.6672_89.0144,2,1
1783,24.2584_89.3320,2,1
1795,23.2173_90.9030,2,1
1797,23.4260_90.9643,2,1
1799,24.3849_88.6732,2,1
1802,24.3849_88.6732,2,1
1803,24.3849_88.6732,1,1
1810,23.9084_90.7530,2,1
1816,22.7173_90.9320,2,1
1817,23.9761_90.9408,2,1
1820,23.8349_89.1408,2,1
1824,24.6849_90.8320,2,1
1832,23.5849_90.1732,2,1
1838,24.9497_90.2143,2,1
1856,23.1760_89.5232,2,1
1861,22.7584_91.7320,1,1
1866,23.8173_90.0408,2,1
1869,22.6848_91.6232,2,1
1873,23.7962_88.7732,1,1
1874,22.2962_90.3908,1,1
1875,22.2962_90.3908,2,1
1881,24.3585_91.8644,2,1
1889,22.8261_90.8908,2,1
1893,24.5761_89.0320,2,1
1898,25.4349_89.5820,2,1
1900,25.3261_89.4819,2,1
1911,23.0348_90.8732,2,1
1912,22.4761_90.2029,2,1
1916,24.0260_91.1320,2,1
1920,23.8585_90.5644,2,1
1922,25.2173_89.0144,2,1
1927,23.9172_90.6320,2,1
1930,24.0084_90.8644,2,1
1936,23.7672_89.0732,1,1
1940,22.8761_91.4030,2,1
1943,23.9963_88.7908,1,1
1953,23.2085_90.7143,1,1
1954,23.5585_89.9030,2,1
1963,25.3173_89.2231,2,1
1975,23.6349_90.4408,2,1
1978,23.2962_89.4232,2,1
1987,25.4761_89.6144,2,1
1993,25.2848_89.5030,2,1
1998,22.5084_90.3644,2,1
2016,24.8584_90.9643,2,1
2019,22.7085_89.1144,2,1
2020,22.7085_89.1144,2,1
2021,23.8963_90.3408,2,1
2023,23.7848_88.9232,2,1
2031,23.8085_88.9232,1,1
2044,22.2085_90.2408,2,1
2047,22.8963_89.5232,2,1
2075,23.1173_88.9908,2,1
2084,24.5084_91.8407,2,1
2085,24.9761_90.2320,2,1
2100,23.0172_89.7732,2,1
2104,22.9463_91.2029,2,1
2114,24.7085_90.3408,1,1
2117,23.1584_89.3408,2,1
2118,23.1584_89.3408,2,1
2120,22.3173_90.5144,1,1
2123,23.7760_90.2908,2,1
2133,24.8760_89.5732,2,1
2135,25.2463_89.8732,2,1
2143,22.9761_88.9232,2,1
2144,24.0260_91.1908,2,1
2145,24.0260_91.1908,2,1
2147,22.7173_91.7644,1,1
2149,23.6261_89.8320,2,1
2155,22.9260_91.1908,2,1
2156,23.3963_90.9232,2,1
2163,23.7085_88.7496,1,1
2167,25.3349_89.4731,2,1
2180,25.3085_89.5908,2,1
2184,23.0462_89.6144,2,1
2185,23.0462_89.6144,2,1
2197,23.8085_88.7143,1,1
2201,24.5084_92.0030,2,1
2207,24.4348_90.7232,2,1
2208,23.3173_90.9408,2,1
2212,24.4172_88.5144,2,1
2219,24.1085_90.7320,2,1
2222,23.1672_89.0908,1,1
2226,25.2584_89.2732,2,1
2229,23.6584_89.1908,2,1
2231,23.2672_91.2732,2,1
2232,22.7672_89.4731,2,1
2235,23.8963_88.8644,1,1
2238,23.7463_88.9144,2,1
2239,23.7463_88.9144,1,1
2240,23.8673_89.3820,1,1
2247,24.2085_88.9408,2,1
2248,24.8085_88.9232,2,1
2249,22.3349_89.0644,2,1
2250,22.3349_89.0644,2,1
2257,23.0260_89.8320,0,1
2265,24.7085_89.9408,2,1
2271,24.5585_91.5907,1,1
2277,23.9172_89.0144,1,1
2288,22.2173_90.2820,2,1
2301,23.9348_89.3996,2,1
2302,25.1672_89.8820,1,1
2304,25.0084_89.3144,2,1
2313,24.0348_91.2029,2,1
2332,23.5673_90.8732,2,1
2333,23.5673_90.8732,2,1
2349,25.0260_89.3644,2,1
2352,23.7584_89.6320,2,1
2360,24.1085_89.4819,2,1
2361,24.1085_89.4819,2,1
2366,23.1760_90.8320,1,1
2370,22.8349_90.2644,1,1
2372,23.4172_89.6732,2,1
2374,24.0761_90.9232,2,1
2377,23.9673_90.7232,2,1
2381,23.8963_90.2143,2,1
2382,23.8963_90.2143,2,1
2383,23.8963_90.2143,2,1
2388,24.7496_90.7530,2,1
2389,22.6463_90.2231,1,1
2398,23.4172_90.9643,2,1
2399,23.3761_90.0644,2,1
2402,23.7672_89.0644,1,1
2403,23.7672_89.0644,1,1
2405,24.3849_88.9144,2,1
2407,23.7962_90.2820,2,1
2422,23.7672_88.9643,1,1
2428,23.6085_90.8644,2,1
2430,23.1463_89.3644,2,1
2440,22.9585_90.4030,1,1
2444,23.8849_89.0644,2,1
2447,23.3497_91.1320,2,1
2452,24.3849_88.9408,2,1
2468,24.0348_90.1908,2,1
2469,23.0172_89.0144,2,1
2471,24.7349_91.6408,2,1
2496,22.5260_90.3732,2,1
2498,24.6760_90.4320,1,1
2502,22.7261_91.8407,1,1
2510,24.9172_90.3732,2,1
2514,24.6173_91.6644,2,1
2518,24.1848_88.9320,1,1
2519,24.3497_90.5408,1,1
2525,23.2672_92.0643,1,1
2526,22.9348_91.5144,2,1
2527,25.2261_89.3908,2,1
2534,24.2349_89.4144,2,1
2539,23.2261_90.7820,2,1
2540,24.9349_89.9820,2,1
2542,23.7672_88.6644,2,1
2546,22.9849_91.4644,2,1
2553,23.1349_89.2820,2,1
2566,24.0172_88.7820,1,1
2568,24.0172_88.7820,1,1
2570,24.3761_89.5644,2,1
2572,23.8849_90.1820,2,1
2573,23.8849_90.1820,2,1
2577,23.7760_88.9408,2,1
2578,24.4673_90.9320,2,1
2589,22.8585_90.3820,2,1
2590,23.6173_89.8644,2,1
2595,22.8585_91.8143,1,1
2598,24.4463_89.8820,1,1
2599,23.0260_91.0820,2,1
2603,24.0348_91.1820,2,1
2606,23.1848_90.2029,2,1
2610,22.9585_90.5644,1,1
2611,22.9585_90.5644,1,1
2620,22.1584_90.2908,1,1
2625,23.2173_89.2029,2,1
2632,25.0348_90.4908,2,1
2648,23.0673_89.3732,2,1
2653,22.8173_91.1320,2,1
2661,23.9849_90.1820,2,1
2667,22.6463_91.0144,1,1
2678,25.2463_89.5530,2,1
2682,23.3173_91.0908,2,1
2689,23.0585_91.2496,2,1
2690,23.2848_88.8232,2,1
2697,23.7962_90.3232,2,1
2698,23.7962_90.3232,2,1
2707,23.4673_89.3144,1,1
2713,24.7173_88.8408,1,1
2718,23.0585_91.8996,1,1
2721,24.8261_89.4908,2,1
2730,22.6463_90.9908,1,1
2743,24.6584_89.5232,2,1
2755,22.9172_88.9908,2,1
2758,24.5348_90.4144,1,1
2761,23.1584_91.1820,2,1
2764,23.9849_90.7320,2,1
2765,25.0260_88.9819,2,1
2766,23.2261_89.7231,2,1
2768,24.1349_90.7496,2,1
2769,24.1760_90.7908,2,1
2780,24.5761_88.8030,2,1
2783,24.4585_89.9908,2,1
2787,24.3761_89.5144,2,1
2791,24.1760_89.2143,1,1
2794,23.5348_89.2319,2,1
2796,24.7173_88.6732,2,1
2801,24.0172_89.0732,1,1
2802,24.0172_89.0732,1,1
2803,24.0172_89.0732,1,1
2804,22.7962_90.3644,1,1
2811,23.7496_88.7644,1,1
2818,23.0084_91.3530,2,1
2823,23.8849_88.8232,1,1
2824,24.6584_90.2143,2,1
2830,24.4348_89.0232,2,1
2843,23.1963_90.3820,2,1
2845,23.3261_89.0820,2,1
2846,24.3761_90.7143,2,1
2851,25.1084_90.7143,2,1
2864,23.7962_90.0908,2,1
2865,23.7962_90.0908,2,1
2874,24.4463_90.0820,2,1
2877,24.5761_91.6232,2,1
2879,24.8760_89.4408,2,1
2882,22.6496_90.3908,1,1
2890,23.9172_90.7408,2,1
2895,23.1584_91.4408,2,1
2905,24.2463_89.3732,2,1
2920,24.7261_90.3820,2,1
2922,22.8585_90.2820,1,1
2933,23.6085_90.1732,2,1
2935,24.4463_89.6320,2,1
2936,24.4463_89.6320,2,1
2938,24.1261_91.5529,2,1
2939,23.8996_88.8732,1,1
2947,23.5761_91.0232,2,1
2948,23.5761_91.0232,2,1
2957,24.1349_90.1644,2,1
2958,25.1462_88.9232,2,1
2970,24.4761_90.9643,2,1
2980,22.7085_90.9908,2,1
2981,25.0849_88.9908,2,1
2985,22.1349_90.6820,1,1
2995,23.8761_89.3732,2,1
2996,24.2173_89.5530,2,1
3008,22.9348_91.4030,2,1
3009,22.9348_91.4030,2,1
3013,22.8849_88.9731,2,1
3034,25.3085_89.3644,2,1
3039,23.1261_90.9030,2,1
3041,23.8673_88.8232,1,1
3044,24.3963_89.0320,2,1
3051,23.9260_90.0408,2,1
3052,22.9172_91.2144,2,1
3054,23.9585_91.0732,2,1
3055,23.9585_91.0732,2,1
3056,23.1085_89.9408,2,1
3064,22.8761_90.5530,1,1
3070,22.8173_90.3644,1,1
3072,25.4585_89.6030,2,1
3076,24.8672_91.9408,2,1
3088,24.0260_89.1144,1,1
3096,24.5849_90.2029,2,1
3113,24.5462_89.9731,2,1
3118,24.2760_90.6908,2,1
3127,23.3085_90.8732,2,1
3131,24.6349_90.2908,2,1
3133,24.0849_90.6408,2,1
3134,24.0849_90.6408,2,1
3159,23.8761_90.2029,2,1
3166,23.5084_89.3408,2,1
3178,23.5963_88.7820,2,1
3181,23.6085_89.3144,1,1
3182,23.6085_89.3144,1,1
3184,24.4172_89.5732,2,1
3185,25.0963_91.4232,2,1
3197,23.7848_90.3232,2,1
3198,22.9761_91.7232,1,1
3204,23.9463_90.2143,2,1
3207,24.8848_89.5644,2,1
3211,22.7760_89.1908,2,1
3221,23.4348_91.0644,2,1
3229,24.4963_90.4232,2,1
3230,22.6672_90.4030,2,1
3231,22.6672_90.4030,2,1
3236,24.7261_90.5644,2,1
3237,24.7261_90.5644,2,1
3241,25.0673_90.8732,2,1
3254,24.3996_89.9820,2,1
3266,24.4172_88.6732,2,1
3267,24.4172_88.6732,2,1
3279,23.2085_91.1320,2,1
3284,22.8585_90.8908,2,1
3297,23.8585_89.5144,2,1
3298,22.5348_90.3820,2,1
3304,25.4349_89.3232,2,1
3307,23.7584_90.5732,2,1
3313,25.4084_89.5732,2,1
3331,24.0673_90.1144,2,1
3332,24.0673_90.1144,2,1
3333,23.2584_88.8908,1,1
3336,24.5585_90.4820,2,1
3338,24.5585_90.4820,2,1
3340,22.6261_89.0908,1,1
3342,24.4260_88.6644,1,1
3346,24.0260_89.0144,1,1
3354,24.6672_88.7732,1,1
3358,24.3849_90.7644,2,1
3366,22.5963_90.3820,2,1
3367,24.9963_88.9819,2,1
3370,23.0761_90.9320,2,1
3376,24.3585_89.2530,2,1
3393,24.9585_90.2408,2,1
3399,23.8585_90.2029,2,1
3413,23.6848_89.2820,1,1
3418,22.9849_91.3908,2,1
3425,24.7584_88.9643,2,1
3426,24.7584_88.9643,2,1
3434,24.9084_89.7408,2,1
3446,22.9463_90.4030,1,1
3452,24.5172_91.4996,2,1
3459,25.1496_89.5232,2,1
3482,24.9084_88.7407,1,1
3492,24.5172_90.4232,1,1
3498,22.7760_90.8644,2,1
3502,24.9849_88.9232,2,1
3505,24.9084_90.7908,2,1
3507,23.3349_89.8320,2,1
3519,25.2962_89.3908,2,1
3526,24.5585_90.0732,2,1
3534,22.3761_90.2908,2,1
3535,22.3761_90.2908,2,1
3539,23.7584_90.3144,2,1
3545,22.5084_90.0144,2,1
3549,24.4260_89.9731,2,1
3557,24.4348_90.6908,2,1
3558,23.9963_90.2320,2,1
3569,24.4761_89.9408,2,1
3570,24.4761_89.9408,2,1
3583,24.8962_89.9643,1,1
3587,24.6463_90.4030,1,1
3592,25.2349_89.4144,2,1
3612,24.7261_89.5232,2,1
3619,23.4463_90.7143,2,1
3621,24.7584_89.1320,2,1
3629,23.4172_90.2143,2,1
3631,23.6349_90.4030,2,1
3659,22.9849_88.8908,2,1
3662,23.6848_89.1820,2,1
3663,23.8673_90.5644,2,1
3664,23.8673_90.5644,2,1
3672,23.2261_92.0731,1,1
3673,23.2261_92.0731,1,1
3678,23.7962_90.1144,2,1
3682,22.6672_90.2908,1,1
3684,22.6261_89.1408,1,1
3686,24.8085_88.6820,2,1
3687,24.8085_88.6820,2,1
3690,23.2760_88.9643,2,1
3691,23.2760_88.9643,2,1
3692,23.2760_88.9643,2,1
3696,23.9084_90.5732,2,1
3697,23.6848_88.8732,2,1
3698,23.7173_89.8232,2,1
3699,22.9963_91.4732,2,1
3702,22.9348_90.8732,1,1
3703,22.9348_90.8732,2,1
3704,22.9348_90.8732,2,1
3708,23.5849_90.8408,2,1
3710,24.2584_90.6908,2,1
3734,24.8349_89.7820,2,1
3740,23.0496_89.6232,1,1
3741,25.4849_89.5908,2,1
3742,24.5673_92.0731,2,1
3745,24.8173_89.4643,1,1
3746,24.8173_89.4643,2,1
3747,23.3173_88.7820,2,1
3766,23.4348_88.9232,2,1
3767,24.5172_90.2996,1,1
3768,23.1672_89.2644,2,1
3776,24.2672_90.6732,2,1
3785,24.6672_90.5530,1,1
3789,23.1349_91.1232,2,1
3790,23.1349_91.1232,2,1
3795,23.0260_89.6644,1,1
3798,23.3173_89.0232,2,1
3799,25.0084_88.9643,2,1
3803,23.4260_89.5530,1,1
3806,22.1584_90.0908,2,1
3815,22.7349_91.7644,1,1
3816,22.7349_91.7644,1,1
3817,23.6997_89.2408,1,1
3820,23.8463_91.1644,2,1
3828,22.7173_90.5908,2,1
3838,23.6349_89.5320,1,1
3839,23.6349_89.5320,2,1
3840,24.3673_91.5408,2,1
3842,25.0172_90.1644,2,1
3850,23.9260_89.0232,1,1
3853,22.9172_91.2820,2,1
3865,24.4761_89.0908,2,1
3868,24.4761_89.0908,2,1
3872,23.7496_89.4731,2,1
3873,24.1085_91.0908,2,1
3875,23.9084_91.2144,2,1
3879,23.0348_91.4644,2,1
3883,23.3463_89.3320,2,1
3896,23.7349_89.7644,1,1
3897,23.7349_89.7644,1,1
3916,24.8173_88.6320,1,1
3917,24.8173_88.6320,2,1
3918,23.5348_89.7408,2,1
3920,22.9761_91.4030,2,1
3946,23.5761_88.9643,2,1
3947,23.5761_88.9643,2,1
3948,23.5761_88.9643,2,1
3960,23.3085_89.1530,2,1
3962,23.9348_90.2029,2,1
3965,24.0963_90.1030,2,1
3971,23.2760_90.1732,2,1
3973,23.6463_89.8144,2,1
3975,24.3761_90.7644,2,1
3982,22.3585_89.1029,2,1
3987,23.0348_91.4408,2,1
3988,23.0348_91.4408,2,1
3991,23.5849_91.0320,2,1
3992,23.5849_91.0320,2,1
3993,22.9463_90.3530,2,1
3998,24.8173_90.2320,2,1
4007,24.4761_89.4408,2,1
4008,24.9172_89.2231,2,1
4009,23.0348_91.1644,2,1
4010,23.0348_91.1644,2,1
4012,23.4348_91.2144,2,1
4020,24.3849_88.6908,2,1
4023,22.0084_90.2143,2,1
4025,24.4585_88.9529,2,1
4028,24.9761_89.4320,2,1
4033,23.7962_90.3144,2,1
4034,23.7962_90.3144,2,1
4035,23.7962_90.3144,2,1
4043,23.5963_90.6144,2,1
4056,22.9463_91.3143,2,1
4057,22.9463_91.3143,2,1
4063,24.9761_90.3644,2,1
4064,24.9761_90.3644,2,1
4078,22.7672_91.1732,2,1
4087,25.3672_89.5530,2,1
4094,23.7584_89.0644,1,1
4096,24.4673_88.8320,2,1
4102,24.0849_90.3408,2,1
4105,23.5084_90.9232,2,1
4118,22.4348_90.7408,2,1
4122,24.4348_91.8407,2,1
4123,24.4348_91.8407,2,1
4126,24.5462_91.8732,2,1
4127,24.5462_91.8732,2,1
4129,23.5673_89.7530,2,1
4140,23.9260_90.1030,2,1
4148,24.1173_91.1144,2,1
4149,23.4585_90.9732,2,1
4150,22.7760_89.3320,2,1
4152,24.0348_91.2232,2,1
4156,23.5673_88.7644,2,1
4160,23.7463_90.5530,2,1
4163,22.4673_90.7644,2,1
4172,24.1349_89.0908,2,1
4173,24.5585_91.8820,2,1
4184,23.4585_91.1408,2,1
4200,24.8672_89.9643,2,1
4201,24.8672_89.9643,2,1
4219,23.3497_91.2530,2,1
4221,25.1172_89.3908,2,1
4227,25.3584_89.4908,1,1
4237,23.2672_91.1232,2,1
4244,23.5260_89.3030,1,1
4246,24.6349_90.1732,2,1
4247,24.6349_90.1732,1,1
4248,24.6349_90.1732,2,1
4251,24.4673_90.0732,2,1
4253,23.0849_89.3644,2,1
4257,23.4849_90.9408,2,1
4259,25.1849_89.8908,2,1
4268,23.4260_89.5232,1,1
4271,23.8463_89.2319,1,1
4277,22.7584_90.3644,2,1
4278,23.7463_89.0820,1,1
4281,25.4761_89.5320,2,1
4290,24.8085_88.9030,2,1
4307,25.0260_91.8644,2,1
4334,22.5260_89.2644,2,1
4340,24.4673_90.9529,2,1
4344,24.7173_91.8407,2,1
4347,24.6173_88.7644,2,1
4351,23.6173_90.9732,2,1
4355,23.2173_90.7143,2,1
4357,22.9260_90.8732,1,1
4364,23.4260_89.4408,1,1
4375,25.0849_88.7644,2,1
4376,25.0849_88.7644,1,1
4377,25.0849_88.7644,1,1
4384,24.5673_91.1144,2,1
4385,23.1848_90.7143,1,1
4389,22.7085_88.9819,2,1
4391,23.5673_89.1408,1,1
4394,22.8261_90.3144,2,1
4396,22.8173_89.6144,2,1
4406,22.5260_89.0144,1,1
4407,25.0172_88.9819,2,1
4408,24.9761_89.3732,2,1
4409,24.9761_89.3732,2,1
4411,24.7349_89.8644,2,1
4412,24.7349_89.8644,2,1
4414,23.3996_89.4643,1,1
4419,23.5172_89.6144,2,1
4430,24.3261_90.0144,2,1
4431,24.3261_90.0144,2,1
4432,22.2760_90.7143,2,1
4438,24.0761_89.2408,1,1
4444,22.5584_89.2408,2,1
4449,23.5849_91.0144,2,1
4458,24.0172_89.1732,1,1
4468,23.2085_91.1908,2,1
4475,22.5172_90.4529,1,1
4476,24.0260_89.4144,2,1
4484,23.8463_88.6408,1,1
4489,23.4084_90.1408,2,1
4492,24.7261_90.7732,2,1
4494,24.5585_90.3644,1,1
4497,24.6672_88.6644,2,1
4498,24.3761_89.4030,2,1
4499,24.3761_89.4030,2,1
4503,23.4673_89.0732,1,1
4504,23.1261_91.4908,2,1
4527,24.4761_90.0908,2,1
4533,22.5584_90.4529,2,1
4537,24.7997_89.5320,2,1
4541,23.3761_89.6408,1,1
4542,25.1997_89.8820,2,1
4555,23.0172_91.8820,1,1
4559,23.1848_91.2320,2,1
4569,23.0260_89.8030,2,1
4575,25.0084_91.8644,2,1
4582,23.7463_88.9320,2,1
4583,23.7463_88.9320,2,1
4588,23.9172_90.1644,2,1
4589,23.9172_90.1644,2,1
4591,23.9172_90.1644,2,1
4592,23.9172_90.1644,2,1
4595,24.7349_90.7820,2,1
4600,24.6849_88.8644,2,1
4616,24.6849_90.3144,1,1
4619,22.5849_90.4232,1,1
4624,23.8497_89.9320,2,1
4627,23.0462_91.1644,2,1
4629,24.0084_89.1732,2,1
4630,25.4349_89.3644,2,1
4634,23.7848_88.6820,2,1
4636,23.0849_89.2908,2,1
4643,23.4585_89.1408,2,1
4659,22.9463_91.0820,2,1
4660,24.8463_88.9232,2,1
4664,22.8963_89.1908,2,1
4668,22.5348_90.4732,2,1
4670,23.6349_90.3320,2,1
4671,24.4761_88.6496,2,1
4673,25.5849_89.6232,2,1
4680,24.5585_89.5644,2,1
4684,22.9348_91.3143,2,1
4687,25.4349_89.8144,2,1
4688,25.4349_89.8144,2,1
4691,24.7261_90.2644,2,1
4695,24.7173_89.9408,2,1
4696,25.0172_91.8319,2,1
4698,24.2261_89.1232,1,1
4700,25.4463_89.3408,2,1
4705,24.6261_90.5732,2,1
4709,22.5584_90.2732,2,1
4711,23.8849_90.6408,2,1
4712,23.8849_90.6408,2,1
4717,23.2848_90.3232,2,1
4723,23.7463_89.0908,1,1
4738,23.7760_90.3232,2,1
4742,23.7760_90.3232,2,1
4761,25.2463_89.3996,2,1
4767,23.6463_90.5408,2,1
4771,22.8261_90.9232,1,1
4772,22.6261_91.0320,1,1
4780,24.6085_91.6232,2,1
4781,22.3497_90.4144,2,1
4782,22.8996_91.1732,2,1
4787,24.7672_89.4819,2,1
4788,24.7672_89.4819,1,1
4789,23.8673_91.0144,2,1
4790,23.8673_91.0144,2,1
4795,24.8848_88.8908,2,1
4802,25.3349_89.4144,2,1
4806,24.6349_88.7231,2,1
4807,23.9585_90.7232,2,1
4839,22.8349_90.9030,1,1
4847,25.3496_89.4643,2,1
4872,24.1085_91.1232,2,1
4883,25.0348_89.7908,2,1
4891,24.1672_89.4643,1,1
4892,23.3085_91.1644,2,1
4896,24.5348_88.8408,1,1
4897,24.5348_88.8408,2,1
4911,24.2672_89.2143,2,1
4915,24.2261_89.3644,2,1
4917,22.8673_89.1644,2,1
4923,24.8349_89.9731,2,1
4926,24.3349_89.5530,2,1
4934,24.7349_90.9030,2,1
4947,24.4348_88.6530,2,1
4950,22.7962_88.9908,2,1
4954,23.8349_90.7143,2,1
4962,24.1349_90.8232,2,1
4963,22.6848_90.6030,2,1
4964,22.6848_90.6030,2,1
4971,23.2261_90.7320,2,1
4972,23.2261_90.7320,2,1
4974,23.1261_91.4232,2,1
4977,24.0849_90.7320,2,1
4979,23.2848_91.2732,2,1
4983,23.9260_89.1144,1,1
4986,24.8848_91.7232,2,1
4991,22.6349_90.9529,1,1
4992,23.6496_90.2732,2,1
4994,22.6173_91.0644,1,1
4998,22.9348_90.5408,2,1
5007,23.9849_90.6732,2,1
5010,22.8173_90.3144,1,1
5016,23.3585_90.7029,2,1
5018,25.0673_90.3320,2,1
5019,22.8261_89.4643,2,1
5020,22.8261_89.4643,2,1
5025,25.0673_89.7908,2,1
5026,23.1261_90.1820,2,1
5030,24.8848_89.9731,2,1
5031,24.8848_89.9731,1,1
5039,23.9585_89.2732,1,1
5040,23.9585_89.2732,2,1
5043,23.5348_89.8644,2,1
5048,23.0761_91.2144,2,1
5049,22.9849_89.4408,2,1
5052,23.8085_90.1030,2,1
5058,24.2349_90.5408,2,1
5061,23.7584_90.1144,2,1
5063,23.7672_90.3144,2,1
5069,22.5084_90.3820,1,1
5070,22.5084_90.3820,2,1
5089,22.6584_91.1530,2,1
5093,25.1760_89.0908,2,1
5099,24.0673_91.2144,2,1
5104,23.5761_91.0408,2,1
5109,24.0084_90.6496,2,1
5110,23.8849_90.5908,2,1
5111,23.8849_90.5908,2,1
5112,23.8849_90.5908,2,1
5113,23.4761_90.0030,2,1
5129,24.4673_89.0732,2,1
5138,24.4172_88.6644,2,1
5139,24.4172_88.6644,2,1
5140,24.4172_88.6644,2,1
5146,24.0172_89.0820,1,1
5148,24.0172_89.0820,1,1
5161,24.2584_88.9643,2,1
5164,24.6760_91.5819,1,1
5172,23.9348_90.0908,2,1
5178,23.6085_90.4643,2,1
5179,23.6085_90.4643,2,1
5191,22.7584_90.9320,2,1
5195,23.2349_89.3408,2,1
5201,23.5348_90.2231,2,1
5202,24.2261_89.5732,2,1
5205,24.8349_89.4819,2,1
5206,24.8349_89.4819,2,1
5211,23.1760_91.4529,2,1
5212,22.7760_89.7231,2,1
5216,23.0084_88.9908,2,1
5217,23.0084_88.9908,2,1
5218,23.0084_88.9908,2,1
5219,24.3261_91.5320,2,1
5220,24.3261_91.5320,2,1
5221,24.3261_91.5320,2,1
5228,24.4849_90.4144,1,1
5234,24.0172_89.1144,1,1
5238,23.6463_90.4030,2,1
5248,23.2760_90.9529,2,1
5263,24.4585_89.5408,2,1
5271,23.7085_89.6732,1,1
5272,23.7584_88.6408,1,1
5283,22.6848_89.7908,2,1
5295,25.1260_89.0144,2,1
5303,23.6261_90.4408,1,1
5305,23.6261_90.4408,2,1
5306,23.6261_90.4408,2,1
5313,23.7848_90.1232,2,1
5314,23.7848_90.1232,2,1
5331,24.3963_88.6644,2,1
5332,24.3963_88.6644,1,1
5336,23.7584_89.4232,2,1
5338,22.9084_88.9408,2,1
5340,23.6672_89.8496,2,1
5344,24.3963_91.8908,2,1
5349,23.4172_89.5144,2,1
5351,23.6584_89.7231,2,1
5352,23.6584_89.7231,2,1
5353,23.6584_89.7231,2,1
5354,23.8085_88.7644,1,1
5359,24.0761_90.1232,2,1
5360,24.0761_90.1232,2,1
5363,25.0673_89.9144,2,1
5370,22.6349_90.1820,1,1
5375,22.4172_89.2408,2,1
5390,24.5084_89.4908,2,1
5395,24.3585_89.9643,2,1
5402,23.6672_89.1820,1,1
5406,24.6463_91.6908,2,1
5409,23.1760_89.6408,2,1
5410,22.9849_89.6530,2,1
5411,24.4761_90.7644,2,1
5413,22.8585_90.8408,2,1
5415,23.4849_91.1232,2,1
5418,23.7848_89.1144,1,1
5423,24.1848_88.9408,2,1
5424,24.1848_88.9408,2,1
5435,24.5849_90.4643,2,1
5442,23.6173_90.4144,2,1
5443,23.6173_90.4144,2,1
5457,22.7760_90.1320,2,1
5461,23.3849_90.2143,2,1
5464,22.8761_90.8820,1,1
5465,22.8761_90.8820,2,1
5475,22.6672_90.2143,2,1
5479,22.9260_92.0232,1,1
5480,23.1261_89.2644,2,1
5481,22.1848_91.1144,1,1
5482,25.2085_89.8644,2,1
5484,23.8173_90.1030,2,1
5492,23.4673_90.9732,2,1
5497,22.1848_90.7908,2,1
5522,22.9463_91.2820,2,1
5523,22.9463_91.2820,2,1
5529,22.9084_90.7644,2,1
5536,24.1085_90.7029,2,1
5542,24.2261_89.5530,2,1
5547,23.0963_89.1644,2,1
5555,22.3849_90.3732,1,1
5569,25.1260_89.4144,2,1
5578,23.0172_88.9731,2,1
5589,23.7584_90.8908,2,1
5592,22.6349_91.1644,1,1
5593,25.1849_89.9529,2,1
5596,23.8585_89.2530,2,1
5603,24.3173_91.4408,2,1
5607,23.3849_91.2408,2,1
5610,24.1672_88.9144,2,1
5616,25.1584_89.4232,2,1
5618,25.1172_89.7530,2,1
5620,25.0084_89.8408,2,1
5621,25.0084_89.8408,2,1
5623,23.4761_91.0908,2,1
5630,24.5260_90.4144,2,1
5639,23.5172_88.8030,2,1
5641,22.9585_91.4732,2,1
5643,24.4348_89.8820,2,1
5649,22.9084_90.7908,2,1
5654,24.3349_88.9320,2,1
5659,25.1172_89.4144,2,1
5663,25.1260_89.4643,2,1
5668,24.8349_88.9144,2,1
5671,22.5348_90.3732,2,1
5675,24.5348_89.5644,2,1
5679,23.1997_92.0907,1,1
5682,24.3849_88.4819,2,1
5683,24.6085_88.7644,2,1
5684,24.6085_88.7644,1,1
5698,23.6261_89.8530,2,1
5704,24.4585_89.8908,2,1
5709,23.2349_89.1320,2,1
5714,23.9673_89.4232,2,1
5716,23.5348_89.4030,2,1
5724,23.8761_90.5644,2,1
5725,23.8761_90.5644,2,1
5727,23.8761_90.5644,2,1
5728,23.8761_90.5644,2,1
5737,23.1848_90.2408,2,1
5738,23.1848_90.2408,2,1
5750,24.8261_89.2408,2,1
5752,24.4673_89.9908,2,1
5763,23.8761_90.5908,2,1
5764,25.0963_89.3144,2,1
5769,24.5761_90.3232,2,1
5771,22.9849_91.4144,2,1
5774,24.2349_90.5320,2,1
5778,23.4463_89.5320,1,1
5781,23.4585_89.5644,1,1
5784,25.0673_88.9320,2,1
5786,23.9761_89.2029,1,1
5788,25.1084_88.9144,2,1
5789,23.7584_90.5408,1,1
5797,23.3673_89.1908,1,1
5803,22.9849_91.7908,1,1
5804,22.9849_91.7908,1,1
5805,22.9849_91.7908,1,1
5806,22.9849_91.7908,1,1
5812,22.8261_89.6408,2,1
5813,24.3963_90.7644,2,1
5823,23.2584_90.9820,2,1
5826,24.0348_88.8820,1,1
5840,25.5172_89.4643,2,1
5844,23.8349_89.2644,2,1
5845,23.0963_90.9144,2,1
5854,25.1348_89.0232,2,1
5859,24.0348_89.9144,2,1
5862,23.5348_89.7530,2,1
5866,23.3463_88.8908,2,1
5867,23.3463_88.8908,1,1
5869,24.8173_89.8408,1,1
5877,24.1085_90.1820,2,1
5881,24.4084_88.7143,2,1
5883,24.8584_91.8820,2,1
5886,22.6584_90.2143,2,1
5889,24.0849_91.1908,2,1
5892,24.4348_90.3732,1,1
5899,23.4849_89.3908,2,1
5914,23.9084_90.9643,2,1
5927,23.7672_90.3232,2,1
5932,23.3261_89.0320,2,1
5934,24.0462_91.1644,2,1
5935,24.0462_91.1644,2,1
5939,24.4260_89.8908,2,1
5944,22.8463_89.3144,2,1
5948,23.9084_90.1232,2,1
5953,23.9463_91.1408,2,1
5956,25.0260_89.3030,2,1
5960,22.8173_90.2820,2,1
5963,23.5260_89.6144,2,1
5964,24.9349_90.2732,2,1
5967,25.5084_89.4643,2,1
5968,24.0084_88.9408,1,1
6004,24.4673_90.0820,2,1
6006,23.9585_91.0530,2,1
6022,24.8173_91.6030,2,1
6023,24.7349_90.3644,1,1
6034,22.6496_90.2029,1,1
6042,24.3349_89.0144,2,1
6053,24.6584_88.7319,2,1
6061,25.2848_89.8144,2,1
6066,25.3584_89.4643,2,1
6074,23.6848_89.2408,1,1
6077,24.4497_90.5030,1,1
6081,24.8261_88.6232,1,1
6083,23.4849_89.3820,2,1
6084,24.1085_91.2320,2,1
6087,25.2349_89.2908,2,1
6088,25.3848_89.2231,2,1
6089,22.9849_91.7232,1,1
6090,22.9849_91.7232,1,1
6091,22.9849_91.7232,1,1
6098,23.5585_88.7908,1,1
6100,24.5849_89.4529,2,1
6111,24.7173_90.5644,2,1
6115,25.0172_89.3820,2,1
6121,23.0348_91.4144,2,1
6122,23.0348_91.4144,2,1
6125,24.7261_90.1908,1,1
6128,24.5260_88.7407,1,1
6129,24.5260_88.7407,1,1
6136,23.3585_90.0732,2,1
6138,22.3497_90.4320,2,1
6145,23.5348_89.6144,2,1
6163,23.3585_88.9408,2,1
6164,22.6349_90.0732,2,1
6173,22.8261_90.2908,2,1
6175,23.4585_89.4320,2,1
6178,24.7349_90.3908,2,1
6180,23.3085_89.7231,2,1
6189,23.7672_90.5530,2,1
6191,24.0172_88.9408,1,1
6192,24.0172_88.9408,1,1
6197,23.1261_89.2496,2,1
6206,23.0348_89.2143,2,1
6208,24.2848_91.0820,1,1
6219,23.1672_92.1908,1,1
6225,24.6085_88.6908,1,1
6227,22.7996_91.2908,2,1
6247,22.6261_89.2820,2,1
6254,24.9996_88.9408,2,1
6257,23.5172_91.1408,2,1
6265,24.3173_91.4644,2,1
6266,24.3173_91.4644,2,1
6273,22.7848_91.5643,2,1
6274,24.6463_89.5732,2,1
6279,23.2848_88.7644,2,1
6282,24.9084_90.8820,1,1
6284,23.7349_90.8908,2,1
6286,23.7349_90.8908,2,1
6287,22.5584_90.3408,1,1
6291,23.7085_89.0232,2,1
6292,23.7085_89.0232,2,1
6298,24.5673_89.8820,1,1
6299,23.0761_90.6732,2,1
6314,24.4673_89.4408,2,1
6315,23.5849_88.6908,2,1
6331,22.9585_91.1732,2,1
6338,23.6848_88.8908,1,1
6341,23.9463_90.0908,2,1
6343,25.0761_90.3320,1,1
6351,25.2848_89.2408,2,1
6371,24.2848_91.0644,2,1
6384,23.2760_91.2908,2,1
6389,22.8173_90.2530,2,1
6391,24.7584_88.6908,2,1
6394,22.3349_90.4144,2,1
6401,23.8849_89.1732,1,1
6405,23.5761_90.4908,2,1
6409,23.2848_89.7408,2,1
6412,24.0260_89.0232,2,1
6413,24.0260_89.0232,1,1
6414,24.0260_89.0232,1,1
6418,22.3585_90.0732,1,1
6425,24.5084_90.5144,2,1
6427,23.6584_90.4643,2,1
6428,23.6584_90.4643,2,1
6431,23.0963_89.7732,2,1
6434,22.7173_89.2644,2,1
6447,22.9172_90.7644,1,1
6455,24.6085_90.5732,2,1
6463,23.3349_91.2029,2,1
6468,24.9761_91.8644,2,1
6469,24.9761_91.8644,2,1
6474,24.7584_90.7530,2,1
6475,22.8084_91.2732,2,1
6484,23.4761_91.1320,2,1
6519,23.6349_89.7644,2,1
6524,24.1848_90.5408,2,1
6538,24.8962_89.1908,2,1
6539,24.5084_91.8530,2,1
6540,24.5084_91.8530,2,1
6542,23.6496_89.7320,2,1
6543,23.2848_91.2320,2,1
6549,23.6672_90.5732,2,1
6566,24.1463_90.0732,2,1
6569,23.8261_88.6408,2,1
6570,23.6085_90.1530,2,1
6571,24.5673_89.6408,2,1
6584,22.5496_89.1644,2,1
6585,25.5761_89.8144,2,1
6597,24.2672_89.0908,2,1
6598,24.2672_89.0908,1,1
6602,25.1172_89.4731,2,1
6605,24.9084_90.4643,2,1
6620,22.8849_89.7143,2,1
6622,23.5260_89.6732,2,1
6630,23.4260_89.8820,2,1
6632,24.5084_89.5144,2,1
6633,24.5084_89.5144,2,1
6634,23.8585_89.4819,1,1
6636,24.1261_89.1320,1,1
6644,24.0172_88.8820,2,1
6645,24.0172_88.8820,2,1
6647,24.0172_88.8820,1,1
6658,23.0963_91.1144,2,1
6667,25.5849_89.8408,2,1
6673,23.1085_90.4320,2,1
6678,23.4172_89.5320,2,1
6684,24.4849_90.7732,2,1
6693,24.0849_90.1232,2,1
6694,24.0849_90.1232,2,1
6696,22.8963_88.9144,2,1
6703,24.0172_91.1232,2,1
6708,24.6849_89.8320,1,1
6709,24.6849_89.8320,2,1
6727,24.8962_89.9731,1,1
6736,23.5673_89.3820,2,1
6743,23.1173_89.1320,2,1
6752,24.8672_89.4144,2,1
6767,24.0084_89.0144,1,1
6770,24.8848_89.1820,2,1
6778,23.7349_89.6232,1,1
6779,23.7349_89.6232,2,1
6780,22.9673_90.3908,1,1
6783,25.3085_89.5232,2,1
6784,25.3085_89.5232,2,1
6790,23.1963_90.2143,1,1
6802,23.7760_89.2408,1,1
6803,25.2349_89.3732,2,1
6804,23.6997_89.7530,2,1
6810,22.8173_91.2320,2,1
6818,23.6760_90.8530,2,1
6821,23.2349_91.1732,2,1
6827,23.6848_90.9732,2,1
6834,24.9172_89.9643,1,1
6835,23.0849_89.2143,2,1
6837,23.2261_91.2908,2,1
6844,23.0585_91.1820,2,1
6851,22.3173_90.1144,2,1
6859,23.0084_89.2143,2,1
6863,23.7261_89.5144,2,1
6874,24.7085_91.9529,2,1
6877,24.2848_88.7732,2,1
6878,24.2848_88.7732,2,1
6880,23.2349_90.3408,2,1
6883,23.2672_90.2320,2,1
6885,24.4585_90.5320,1,1
6890,24.0462_91.1732,2,1
6891,24.0462_91.1732,2,1
6899,23.5585_91.0530,2,1
6902,24.1085_90.6408,2,1
6906,24.4673_91.6908,2,1
6927,23.3085_89.2644,2,1
6928,24.3173_90.6820,1,1
6933,24.0761_90.3408,2,1
6935,24.0761_90.3408,2,1
6936,24.0761_90.3408,2,1
6947,22.8261_89.5908,2,1
6958,23.1584_90.9820,2,1
6962,22.1672_90.7143,2,1
6965,23.4761_89.5644,1,1
6966,22.9673_90.5644,1,1
6970,23.6672_90.3820,2,1
6973,24.0260_89.0644,1,1
6974,24.0260_89.0644,1,1
6975,24.0260_89.0644,1,1
6976,24.0673_89.2143,2,1
6989,25.2085_89.3644,2,1
6991,23.6349_90.4529,2,1
6999,22.0172_90.2408,2,1
7006,24.3761_89.0408,2,1
7008,22.1349_90.6408,1,1
7009,22.1349_90.6408,1,1
7012,24.4172_88.4232,2,1
7024,23.3673_90.8644,2,1
7025,23.3673_90.8644,2,1
7028,22.8849_90.8732,1,1
7030,23.2848_89.1732,2,1
7052,24.3963_90.4144,1,1
7059,24.3173_89.9643,2,1
7061,22.2848_90.5144,1,1
7081,25.0172_90.3496,2,1
7083,25.3349_89.7732,2,1
7084,24.5462_90.4030,1,1
7089,22.5348_90.4529,2,1
7099,24.1173_91.1320,2,1
7100,24.5761_90.6144,2,1
7101,22.5584_89.2231,2,1
7102,22.3173_90.3408,1,1
7106,23.0260_89.2029,2,1
7110,23.6349_90.9820,2,1
7123,23.8349_88.7407,1,1
7125,23.8673_90.5530,2,1
7138,23.8261_89.0232,1,1
7155,23.5761_88.7029,1,1
7163,23.3173_91.2530,2,1
7168,22.3261_90.2143,2,1
7170,25.3760_89.3908,2,1
7171,23.9084_88.8144,1,1
7186,23.4673_91.1408,2,1
7197,22.7584_89.0408,1,1
7203,22.9260_89.1408,2,1
7208,23.1760_90.7408,1,1
7209,24.7173_90.3820,2,1
7217,24.2173_90.9232,2,1
7221,24.6963_90.8820,2,1
7225,23.9585_90.0820,2,1
7238,23.1848_89.3644,2,1
7240,23.6848_90.5644,2,1
7241,24.1261_89.0908,2,1
7243,23.7848_90.5732,2,1
7249,22.8673_89.3530,2,1
7250,23.7085_89.7029,2,1
7251,24.9761_88.9144,2,1
7252,24.6849_88.6732,2,1
7259,23.6997_90.5530,2,1
7261,23.1173_90.8908,2,1
7262,23.1173_90.8908,2,1
7269,24.5172_88.8529,2,1
7272,23.4585_89.4643,2,1
7273,23.4585_89.4643,1,1
7276,24.6261_90.3732,2,1
7277,22.8761_90.3144,2,1
7278,22.5963_90.6732,2,1
7281,23.9761_90.1644,2,1
7302,24.3996_91.7408,2,1
7306,23.6173_88.8320,2,1
7309,22.9084_90.4144,1,1
7322,23.2962_90.3908,2,1
7324,23.3173_88.9731,1,1
7331,24.3085_89.5320,2,1
7335,23.5963_88.7231,1,1
7336,24.1261_90.1908,2,1
7338,23.4761_89.9908,2,1
7345,23.6463_88.8732,2,1
7348,23.1963_90.9820,2,1
7349,24.7261_88.8232,1,1
7354,23.2173_91.2644,2,1
7355,23.2173_91.2644,2,1
7359,23.5348_89.2820,2,1
7360,23.5348_89.2820,2,1
7361,23.5348_89.2820,2,1
7363,23.2261_90.9144,2,1
7367,22.9849_91.3143,2,1
7373,22.7962_89.6820,2,1
7378,23.0849_89.7644,1,1
7383,23.8349_91.1996,2,1
7387,24.7349_88.9529,2,1
7391,24.9260_89.7320,1,1
7400,24.8261_88.9819,2,1
7403,24.9260_90.3732,2,1
7404,24.9260_90.3732,2,1
7405,24.9260_90.3732,2,1
7407,23.4172_90.9908,2,1
7411,24.1261_90.1732,2,1
7415,23.2672_91.0732,2,1
7436,24.7848_88.5644,1,1
7439,23.8761_89.8820,2,1
7457,22.8173_90.3030,2,1
7458,25.0963_89.7644,2,1
7459,25.0963_89.7644,2,1
7462,23.7349_90.1908,2,1
7477,25.0172_88.7530,2,1
7487,24.4849_89.5144,2,1
7496,24.3497_90.7530,2,1
7500,22.8173_91.2644,2,1
7501,22.8173_91.2644,2,1
7502,23.0585_91.1644,2,1
7505,23.9348_90.8320,2,1
7506,23.9348_90.8320,2,1
7515,25.1348_89.4232,2,1
7516,22.2173_90.3908,2,1
7517,23.3673_89.1408,2,1
7524,25.5497_89.4643,2,1
7530,22.2085_90.2820,2,1
7532,25.0348_89.4408,2,1
7537,24.1085_90.1732,2,1
7560,23.9585_89.5908,2,1
7569,24.8584_89.1908,2,1
7572,24.0084_89.1908,1,1
7573,24.0084_89.1908,2,1
7574,24.0084_89.1908,2,1
7575,24.0084_89.1908,2,1
7582,23.9084_90.1408,2,1
7589,24.0172_90.6530,2,1
7608,23.1173_91.2144,2,1
7615,25.2962_89.4030,2,1
7620,23.4172_88.8030,2,1
7621,22.5172_90.3732,1,1
7624,24.8760_91.9232,2,1
7632,23.3673_90.0820,2,1
7639,24.1085_89.8820,2,1
7653,22.9849_89.2319,2,1
7657,23.4172_91.0232,2,1
7659,25.0849_89.7644,2,1
7662,24.5084_90.3144,1,1
7671,24.2962_91.5408,2,1
7678,25.1348_89.5408,2,1
7679,23.7672_88.7644,1,1
7680,24.2173_89.5732,2,1
7681,24.2173_89.5732,2,1
7690,23.9260_88.9819,1,1
7692,24.1463_91.3231,2,1
7695,23.8585_88.7319,1,1
7711,25.3760_89.1530,2,1
7712,25.3760_89.1530,2,1
7717,23.3963_90.9908,2,1
7720,22.8173_91.7144,1,1
7723,25.2463_89.3030,2,1
7725,22.3673_90.2143,2,1
7748,24.5761_90.0144,1,1
7751,23.6672_89.0732,1,1
7763,24.0997_90.2143,2,1
7779,22.6672_90.2231,2,1
7780,23.7848_90.0820,2,1
7783,23.2261_89.9908,2,1
7788,22.9761_91.7908,1,1
7793,23.7085_89.8320,2,1
7812,24.5260_89.6408,2,1
7817,24.9084_88.7644,2,1
7825,23.1848_90.8232,2,1
7826,23.1848_90.8232,2,1
7828,24.6349_88.7143,1,1
7830,24.0462_90.5820,2,1
7837,23.3849_90.9908,2,1
7843,22.7584_89.5644,2,1
7844,22.4585_90.1820,2,1
7849,22.9996_90.9408,1,1
7852,25.0348_90.0030,1,1
7857,24.7760_89.4030,2,1
7864,22.8261_90.2320,1,1
7867,23.9963_90.7530,2,1
7871,23.1848_89.3144,2,1
7879,23.2173_90.4643,2,1
7883,22.7261_91.7644,1,1
7887,24.5673_88.9408,2,1
7889,22.7173_91.1030,2,1
7892,23.3085_89.4908,1,1
7897,23.7672_88.6232,2,1
7909,23.2848_90.3908,2,1
7914,25.2349_89.3908,2,1
7924,22.8761_89.0232,2,1
7925,24.4084_88.3908,2,1
7935,23.0963_90.6732,1,1
7939,23.7349_90.2029,2,1
7940,23.7349_90.2029,2,1
7941,23.7349_90.2029,2,1
7942,22.8173_90.2908,2,1
7944,24.6173_89.4408,2,1
7958,23.1173_91.1908,2,1
7959,22.0849_90.6732,2,1
7966,25.4084_89.1820,1,1
7971,25.5462_89.8144,2,1
7973,23.2085_90.2143,2,1
8002,22.6173_90.4232,1,1
8013,23.3761_89.7408,2,1
8014,23.5348_90.8732,2,1
8016,23.9849_88.9819,1,1
8029,22.9849_89.0908,2,1
8038,24.5849_89.5732,2,1
8042,22.9761_91.0908,2,1
8044,23.6963_89.5320,2,1
8045,24.8672_89.1908,1,1
8048,23.6584_90.9820,2,1
8054,24.2584_89.2820,2,1
8055,24.7760_88.8732,2,1
8056,23.9172_90.1030,2,1
8061,23.7349_90.1820,2,1
8064,22.8084_89.6232,2,1
8065,22.8084_89.6232,2,1
8068,24.0963_90.6408,2,1
8069,22.7085_90.0908,2,1
8070,23.6349_89.8144,2,1
8074,24.2848_91.4908,2,1
8079,24.4348_91.4408,2,1
8080,22.9260_90.7644,2,1
8081,24.7962_88.9232,1,1
8092,22.8673_89.8732,2,1
8097,24.6349_90.0144,1,1
8128,23.0348_89.1644,2,1
8133,24.2672_89.0320,1,1
8134,23.9849_89.5908,2,1
8136,22.6173_89.0908,1,1
8138,22.4761_90.5530,2,1
8142,25.0348_90.0496,1,1
8151,25.3463_89.3320,2,1
8152,23.5963_89.3732,2,1
8155,23.0849_90.9820,1,1
8158,25.4849_89.8232,2,1
8161,24.2261_90.9232,2,1
8165,22.9172_91.9320,1,1
8166,24.2760_88.9731,1,1
8171,23.9761_89.1908,1,1
8173,24.1349_91.1320,2,1
8176,24.6584_88.7029,1,1
8181,24.6849_90.4232,2,1
8189,22.6463_91.7820,1,1
8199,25.5497_89.5030,2,1
8203,23.9585_89.2644,1,1
8205,23.6760_90.5644,2,1
8206,23.0963_90.9320,2,1
8213,24.0462_89.0644,1,1
8215,22.9260_91.0030,2,1
8220,22.9172_90.9232,2,1
8221,22.9172_90.9232,2,1
8227,24.3463_90.7232,2,1
8234,24.7349_90.2732,2,1
8239,24.3761_90.4232,2,1
8243,22.6349_90.3732,1,1
8244,24.0084_90.2143,2,1
8246,23.7261_89.0144,1,1
8248,25.0585_88.7407,2,1
8251,23.1085_91.8407,1,1
8261,22.7962_90.3030,1,1
8273,23.2962_88.8030,1,1
8277,24.4963_89.5820,2,1
8295,23.9348_90.1232,2,1
8301,24.5348_89.5408,2,1
8304,22.4673_90.7143,2,1
8310,23.7173_90.9908,2,1
8313,23.7261_88.9908,2,1
8314,23.4585_89.5732,1,1
8327,22.2173_90.3144,2,1
8342,23.2584_91.9144,1,1
8343,23.2584_91.9144,1,1
8347,23.7672_88.8320,2,1
8356,24.0084_88.9643,1,1
8361,23.6261_90.3908,2,1
8367,24.4348_88.8644,2,1
8368,24.4348_88.8644,2,1
8370,22.4348_90.7320,2,1
8371,24.0462_91.1908,2,1
8375,24.3173_89.5144,2,1
8387,25.1172_88.9529,2,1
8392,23.6173_89.3030,2,1
8394,23.9673_89.0530,1,1
8405,22.5761_90.3530,2,1
8406,24.4260_90.7143,2,1
8408,22.9463_91.0408,2,1
8410,23.1584_89.5232,2,1
8416,24.2496_89.5408,2,1
8417,24.0172_89.0144,2,1
8418,24.0172_89.0144,1,1
8420,23.7085_90.5530,2,1
8421,24.5849_90.6530,2,1
8422,25.3261_89.3408,2,1
8423,25.3261_89.3408,1,1
8427,24.4585_89.0644,2,1
8428,24.4585_89.0644,2,1
8432,24.6672_89.5496,2,1
8441,25.0172_88.9731,2,1
8446,23.8173_90.0144,2,1
8449,23.7173_90.0820,2,1
8450,23.8173_90.2732,2,1
8454,23.6760_89.7320,2,1
8455,24.5849_90.4732,2,1
8456,24.5849_90.4732,2,1
8457,24.6261_89.9820,2,1
8459,23.6349_90.9529,2,1
8465,24.4172_89.5644,2,1
8467,23.3761_89.5144,2,1
8480,23.9849_90.0820,2,1
8483,23.4585_91.2144,2,1
8487,22.4348_89.8732,2,1
8490,25.4084_89.4030,1,1
8492,24.3849_88.6644,1,1
8493,24.3849_88.6644,2,1
8494,24.3849_88.6644,2,1
8501,25.1172_88.9408,2,1
8505,24.0348_91.1644,2,1
8512,23.2496_91.0408,2,1
8531,22.4585_89.0232,2,1
8538,24.4673_89.9820,2,1
8539,24.4673_89.9820,2,1
8545,24.1085_90.7644,2,1
8550,23.0348_89.4144,2,1
8553,24.1085_90.5908,2,1
8560,23.5348_89.6530,2,1
8561,22.6848_91.7530,2,1
8566,24.9463_89.7408,2,1
8568,25.2760_89.2319,2,1
8573,23.5172_89.5644,2,1
8578,24.4963_91.7320,2,1
8582,24.4673_88.7732,1,1
8588,24.8760_91.9030,2,1
8590,24.8349_89.4529,2,1
8591,24.6085_90.3408,2,1
8611,24.4348_88.6820,2,1
8614,24.8349_90.7143,2,1
8616,25.4585_89.5144,2,1
8618,24.4084_89.0408,2,1
8619,23.9260_90.6644,2,1
8620,23.9260_90.6644,2,1
8624,24.0849_90.1144,2,1
8625,24.0849_90.1144,2,1
8626,24.0849_90.1144,2,1
8627,24.5462_90.4320,2,1
8631,23.8761_88.7908,2,1
8632,24.7760_88.9731,2,1
8641,24.0348_88.9819,1,1
8654,24.5348_90.2644,2,1
8656,24.8760_88.9232,2,1
8657,24.8760_88.9232,2,1
8660,24.9849_90.4820,2,1
8667,22.9172_89.0820,2,1
8670,23.5462_89.1144,2,1
8672,25.0849_91.4644,2,1
8673,22.8463_90.2732,1,1
8674,23.2349_90.7029,2,1
8678,23.1848_90.3408,2,1
8683,24.5963_88.8408,2,1
8684,22.2349_90.3232,2,1
8685,23.1584_90.2408,2,1
8695,24.8848_89.9643,1,1
8705,24.6261_90.4232,2,1
8708,23.6848_89.2319,1,1
8710,23.0084_89.1232,2,1
8713,24.1085_89.4643,2,1
8715,24.7085_90.3732,2,1
8733,24.8261_88.8820,1,1
8735,24.9849_88.9908,2,1
8736,24.5172_90.5644,2,1
8737,22.6848_90.9643,2,1
8739,23.3349_91.0144,2,1
8740,22.8349_90.8644,2,1
8745,23.0348_89.0408,2,1
8751,24.7349_91.7232,2,1
8753,22.9761_89.4643,2,1
8754,25.0462_90.1732,2,1
8756,23.0084_90.3144,2,1
8771,23.0761_91.1496,2,1
8773,23.1963_89.0530,2,1
8774,23.3349_89.6908,2,1
8788,23.6349_90.1408,2,1
8789,24.4673_91.8231,2,1
8791,23.1085_89.2644,2,1
8792,23.2173_90.9144,2,1
8793,23.2173_90.9144,2,1
8804,24.1261_91.2144,2,1
8807,24.8496_91.8319,2,1
8821,23.6760_89.8320,2,1
8828,22.9849_89.5644,2,1
8829,22.9761_91.0732,2,1
8833,23.1760_89.5408,2,1
8836,24.4260_88.9643,2,1
8844,25.0348_90.0232,2,1
8854,22.9963_91.4320,2,1
8857,23.8497_89.9030,2,1
8858,24.6584_88.9408,2,1
8866,22.8173_89.1820,2,1
8878,23.6085_89.7820,1,1
8891,23.2672_89.6232,1,1
8895,22.9348_89.0320,2,1
8897,23.7848_89.1732,1,1
8900,24.1085_90.3530,2,1
8901,24.1085_90.3530,2,1
8909,24.9260_90.7408,2,1
8910,24.4172_89.8820,1,1
8924,23.4260_89.0144,2,1
8925,23.4463_91.0820,2,1
8932,24.5172_90.3232,2,1
8933,24.0963_91.1644,2,1
8942,22.6349_90.4408,2,1
8946,24.8349_88.9496,2,1
8947,24.9849_89.7908,2,1
8955,23.1848_91.0144,2,1
8961,25.1849_89.3820,2,1
8962,25.1849_89.3820,2,1
8963,23.8849_90.7644,2,1
8968,24.0172_90.2143,2,1
8969,24.0172_90.2143,2,1
8974,23.9172_90.0908,2,1
8980,23.9673_90.0530,2,1
8981,22.5849_90.2820,1,1
8982,23.9463_90.1908,2,1
8984,25.0585_88.7530,1,1
8985,23.7349_89.3820,2,1
8986,23.3673_90.0644,2,1
8988,24.5585_89.5908,2,1
8997,24.0761_89.1820,1,1
8998,24.0761_89.1820,1,1
9003,24.6173_88.9643,2,1
9007,25.4849_89.5732,2,1
9009,23.0348_91.1320,2,1
9010,22.9348_88.9996,2,1
9014,22.8261_90.3820,1,1
9018,25.0849_90.3320,2,1
9020,24.6963_91.9232,2,1
9024,24.7085_89.8320,2,1
9033,23.6261_88.8030,2,1
9040,24.0673_90.6408,2,1
9042,23.3761_90.7496,2,1
9046,23.6584_90.3908,2,1
9062,24.4172_90.5408,2,1
9064,24.1672_90.1144,2,1
9073,23.3585_90.7232,2,1
9079,23.8963_88.9731,1,1
9087,22.5849_89.1232,2,1
9088,23.3349_90.3530,2,1
9091,23.4084_89.5820,1,1
9092,23.4084_89.5820,1,1
9095,23.2085_90.9232,2,1
9106,24.5849_90.0644,2,1
9107,24.5849_90.0644,1,1
9108,24.4849_89.5408,2,1
9119,22.3761_90.3644,1,1
9129,24.1085_90.6732,2,1
9133,24.0260_88.9731,1,1
9138,24.9963_90.1644,2,1
9139,24.9963_90.1644,2,1
9141,23.1349_91.0644,2,1
9142,23.6584_88.8144,2,1
9143,23.1672_89.7820,2,1
9146,24.6760_91.9144,2,1
9151,23.8349_90.0232,2,1
9163,24.5963_88.6320,2,1
9179,22.9585_90.2996,2,1
9191,23.8085_89.2732,1,1
9195,22.9585_89.2231,2,1
9196,23.8673_89.9820,2,1
9197,23.8673_89.9820,2,1
9199,22.7349_89.1029,1,1
9205,24.6672_88.9232,2,1
9216,22.9849_89.0644,2,1
9224,24.5172_88.8644,2,1
9227,22.6349_91.7820,1,1
9229,22.6349_91.7820,1,1
9239,22.7760_90.1496,1,1
9242,24.6349_89.9643,2,1
9246,23.1672_89.0408,2,1
9248,23.7261_88.6144,1,1
9253,23.8349_88.9320,2,1
9254,23.8349_88.9320,1,1
9263,24.4348_91.9232,2,1
9270,24.1848_89.4144,2,1
9271,24.1848_89.4144,2,1
9272,23.9260_89.6144,2,1
9276,22.1848_90.8144,2,1
9277,22.1848_90.8144,2,1
9278,24.5348_89.9731,2,1
9279,23.6349_90.4232,1,1
9280,23.7672_89.6530,2,1
9281,24.2848_88.7644,2,1
9282,24.2848_88.7644,2,1
9288,24.7848_88.7407,2,1
9290,23.9849_88.8908,2,1
9301,25.1084_89.4643,2,1
9302,23.9172_90.1530,2,1
9309,22.2463_90.3320,2,1
9325,23.7760_89.2908,2,1
9328,22.0084_90.2408,2,1
9331,23.2760_90.9408,2,1
9333,22.6173_90.0144,1,1
9336,22.1463_90.7644,2,1
9355,24.7962_88.9643,1,1
9359,23.9761_90.6232,2,1
9360,24.3849_89.9320,2,1
9362,22.7349_91.7408,1,1
9365,23.2672_91.0320,2,1
9377,24.4172_88.5644,2,1
9378,24.2760_89.3408,2,1
9387,24.0348_89.0232,1,1
9388,23.5348_89.2143,2,1
9393,24.8584_90.4820,2,1
9394,22.8585_90.9030,2,1
9400,24.8760_89.1908,2,1
9401,24.8760_89.1908,2,1
9404,24.2173_91.5320,2,1
9415,25.1849_89.4320,2,1
9416,24.0084_91.2408,2,1
9418,23.1584_89.6030,2,1
9420,25.0260_89.4320,1,1
