label_id,patch_id,class,n_patches
1,26.1468_81.7897,1,1
3,26.7143_82.2161,2,1
6,28.2644_79.4985,1,1
7,25.8467_80.6397,1,1
9,25.8467_80.6397,1,1
11,25.8467_80.6397,0,1
12,25.8467_80.6397,1,1
22,26.3967_79.2161,1,1
24,27.7380_80.5661,2,1
25,27.0555_80.4897,0,1
27,25.7467_81.2573,0,1
28,27.3643_82.0661,1,1
37,26.6555_80.8073,0,1
40,27.8143_79.2397,1,1
45,27.1055_81.1897,1,1
46,25.5967_81.4897,2,1
50,27.5643_81.6397,2,1
51,27.5643_81.6397,1,1
60,26.1967_81.8073,1,1
62,26.7556_81.2985,1,1
63,27.3643_80.5283,1,1
66,27.1643_81.9485,1,1
67,26.4555_79.6397,1,1
73,27.4257_80.0783,1,1
82,27.7257_78.9573,1,1
83,26.9055_79.9283,0,1
85,28.2644_79.7783,1,1
90,27.5144_80.2073,2,1
94,26.9055_81.2073,2,1
96,26.0555_81.9783,1,1
106,26.2967_80.9162,1,1
114,27.7468_78.9573,1,1
119,26.0643_81.3161,1,1
121,27.6643_81.4162,1,1
122,27.3643_79.9985,2,1
127,28.0144_81.5783,1,1
130,27.0879_81.3897,1,1
138,26.6643_79.8397,1,1
140,25.8555_81.9074,1,1
142,27.0967_82.0073,2,1
164,27.2055_81.2661,2,1
165,26.1143_81.2749,1,1
175,26.0258_81.8161,1,1
180,26.7143_79.1985,1,1
184,26.2257_81.9485,1,1
190,26.7143_79.2661,2,1
193,27.2468_79.6397,0,1
194,27.2468_79.6397,0,1
197,28.2879_79.6897,2,1
210,27.0757_79.1783,1,1
217,27.0258_81.6897,1,1
220,26.0379_81.5573,1,1
222,26.8291_80.8661,1,1
225,27.4143_80.9985,2,1
229,27.4055_81.7897,2,1
244,26.6879_79.5661,0,1
245,26.6879_79.5661,0,1
253,27.5967_80.9397,2,1
257,27.4055_80.9485,1,1
261,26.1644_80.1573,1,1
269,27.1967_81.6985,2,1
270,26.9968_79.2783,2,1
271,27.5056_79.0397,1,1
272,27.7143_79.9397,2,1
273,27.7143_79.9397,2,1
274,27.7143_79.9397,2,1
275,27.7143_79.9397,2,1
279,26.6555_81.2897,1,1
280,25.7467_81.6397,1,1
282,26.9379_81.5985,2,1
290,27.0467_81.2897,2,1
297,27.8055_81.8485,1,1
306,27.4880_82.0985,2,1
312,27.3379_78.8985,2,1
317,26.6143_80.2161,1,1
318,26.6143_80.2161,1,1
327,26.2055_81.3485,1,1
329,27.1467_79.6897,1,1
330,27.0379_80.9073,0,1
331,25.5555_81.2073,1,1
339,26.2143_80.9162,1,1
341,26.2879_79.7073,1,1
350,25.7644_81.8749,1,1
361,27.7468_81.5073,2,1
362,27.7468_81.5073,1,1
363,26.4555_82.2573,2,1
374,27.1143_81.3661,1,1
377,27.9143_81.6073,1,1
385,27.8379_80.4397,2,1
389,25.7758_81.6397,1,1
390,27.0879_80.1897,2,1
395,26.3643_79.7783,2,1
396,26.3643_79.7783,2,1
397,27.6879_81.5661,2,1
398,27.6879_81.5661,2,1
400,26.6467_80.9985,1,1
403,26.7143_81.1397,2,1
410,26.6643_81.6073,2,1
412,27.0056_80.4073,2,1
415,27.2967_80.0573,1,1
416,27.6258_82.1662,1,1
422,26.7758_79.0573,1,1
449,26.3967_81.8283,1,1
453,26.3055_80.9073,2,1
457,26.7758_79.5161,0,1
458,26.7758_79.5161,2,1
469,26.2556_81.1161,1,1
476,26.3143_79.6985,2,1
477,26.1967_79.9897,1,1
483,26.9467_81.0573,2,1
488,25.8143_81.2249,1,1
490,27.1643_81.7161,0,1
491,26.1556_80.6985,1,1
495,27.3555_81.0161,2,1
508,28.0144_80.3897,2,1
509,27.1143_79.4397,1,1
517,27.9467_81.6073,1,1
524,27.9643_80.5661,1,1
531,25.6967_79.5661,1,1
542,27.1055_79.6897,1,1
551,27.3879_80.4897,1,1
555,25.8643_80.7073,1,1
557,26.9257_81.3485,2,1
566,27.8967_80.7897,1,1
568,27.2143_81.1662,2,1
573,27.7556_81.5397,2,1
575,27.6143_80.2161,2,1
578,27.0643_80.1985,2,1
594,27.0291_78.7897,1,1
598,27.7143_80.3485,1,1
599,27.6055_79.7397,1,1
607,26.5879_82.1897,2,1
610,25.8555_80.6397,1,1
611,25.8555_80.6397,0,1
612,25.8555_80.6397,1,1
613,25.8555_80.6397,1,1
615,28.3055_79.7397,1,1
618,26.7644_82.1985,1,1
619,26.7644_82.1985,2,1
622,25.6758_81.1073,2,1
631,25.6257_81.4162,0,1
637,26.0879_81.3397,2,1
642,27.7257_81.6161,2,1
649,26.6555_79.6573,1,1
653,27.6879_79.6573,1,1
655,26.9555_79.0897,2,1
656,26.1556_80.9661,1,1
670,26.2379_80.1783,1,1
674,27.0379_79.8073,1,1
675,27.0379_79.8073,1,1
689,27.3467_78.9073,1,1
690,27.3467_78.9073,0,1
696,25.8968_81.8283,1,1
698,26.8143_78.9485,1,1
699,26.8143_78.9485,2,1
701,26.2143_81.7661,1,1
702,26.5144_81.0397,1,1
703,28.0144_80.6897,1,1
709,27.2468_81.8073,1,1
716,27.6791_81.2161,1,1
724,26.2879_82.1397,2,1
730,27.6379_80.9397,2,1
733,26.4968_80.1985,1,1
735,26.4968_80.1985,1,1
739,28.1143_79.2783,0,1
740,26.0467_80.5485,1,1
746,26.1758_81.0397,1,1
754,26.1380_80.1662,0,1
755,26.8555_78.8397,1,1
766,26.3967_81.7661,1,1
768,26.3967_81.7661,1,1
774,27.7380_82.1783,1,1
788,28.1643_79.5749,0,1
792,28.1379_80.0397,2,1
805,27.5967_80.8073,1,1
807,25.7257_81.7573,1,1
810,26.8555_81.4162,1,1
812,26.6258_79.7485,1,1
814,26.6967_79.0661,1,1
817,27.5056_79.0073,0,1
819,27.2143_81.1161,2,1
820,27.2143_81.1161,2,1
822,27.6143_82.1897,1,1
824,27.4467_80.5485,1,1
825,26.9968_81.8783,1,1
828,26.7380_81.6485,1,1
832,26.1143_81.9661,1,1
835,26.6879_80.1662,0,1
837,27.4643_81.7073,1,1
838,27.4643_81.7073,1,1
840,26.7556_82.0573,1,1
841,26.7556_82.0573,2,1
844,26.8379_81.7397,2,1
845,26.8379_81.7397,1,1
852,25.8143_81.0397,1,1
854,26.4055_81.7397,0,1
860,28.2644_79.8073,1,1
864,26.4257_81.9283,1,1
872,26.7644_81.0073,2,1
880,27.1055_80.4985,1,1
884,27.5643_82.1662,2,1
885,27.5643_82.1662,1,1
889,26.8055_79.0897,1,1
893,27.1643_82.0783,2,1
903,28.1757_79.6985,2,1
905,26.2468_79.7897,1,1
912,26.4757_79.8783,1,1
913,25.7467_81.0985,1,1
917,27.0879_82.2985,1,1
919,27.0467_80.9485,1,1
923,27.9643_79.8985,1,1
924,25.8257_81.9397,2,1
937,26.1556_81.0397,1,1
938,26.4467_82.1985,2,1
953,25.7644_81.7161,1,1
954,25.7644_81.7161,1,1
955,27.9643_79.1661,1,1
966,27.3555_79.3985,1,1
978,27.6379_79.5397,1,1
979,27.6379_79.5397,1,1
981,25.9144_81.7897,1,1
982,26.6379_82.0161,1,1
985,27.3555_80.1573,1,1
991,26.7879_81.2661,1,1
994,26.5467_80.4397,1,1
996,26.5144_79.6573,0,1
998,26.1556_81.6897,1,1
999,26.1556_81.6897,1,1
1000,26.3879_80.2897,1,1
1006,27.3879_81.8986,1,1
1010,27.8879_79.9661,1,1
1011,27.0056_81.4485,1,1
1019,25.8055_81.0661,1,1
1022,26.4555_82.3573,1,1
1037,26.1257_81.9783,1,1
1044,25.9643_80.9397,1,1
1045,25.9879_80.3749,1,1
1048,26.9379_80.0249,1,1
1059,27.3379_79.6161,0,1
1066,26.9467_80.5485,2,1
1070,25.4967_81.2985,1,1
1075,27.2143_79.0749,0,1
1085,27.2380_79.6397,1,1
1094,26.1143_81.8661,1,1
1096,26.8379_80.0283,1,1
1100,26.9968_80.3661,1,1
1107,26.8257_81.5985,1,1
1109,28.0056_79.2283,2,1
1110,28.1643_79.9985,2,1
1112,26.3555_80.8985,1,1
1121,27.7292_80.8161,1,1
1122,26.4879_82.0985,2,1
1129,26.0967_81.6985,1,1
1130,28.3055_79.9897,1,1
1134,26.9467_79.4661,0,1
1141,26.4467_81.8573,1,1
1145,28.0291_79.3073,2,1
1151,27.0467_81.2073,1,1
1154,25.8643_81.1161,1,1
1160,26.7143_81.0573,2,1
1161,27.6258_80.6573,1,1
1169,28.2644_79.5661,2,1
1180,26.6143_82.1574,1,1
1181,26.3257_81.0283,1,1
1183,26.9143_79.9985,2,1
1192,27.1879_80.2397,1,1
1204,27.6143_82.2897,1,1
1209,26.2379_81.4661,1,1
1213,28.1055_79.9073,1,1
1214,26.8467_79.0283,0,1
1220,26.7055_81.1397,2,1
1221,26.6643_82.1283,1,1
1234,27.5144_81.6662,2,1
1257,26.8143_78.9161,2,1
1279,27.2291_80.8397,2,1
1284,26.8967_79.3397,1,1
1290,25.5643_81.5161,1,1
1300,26.5757_79.2897,1,1
1302,27.4055_79.2397,1,1
1309,26.7468_79.0897,1,1
1315,27.9968_79.7661,1,1
1322,26.0757_81.2485,1,1
1328,26.4467_81.8485,1,1
1335,25.7879_81.9397,2,1
1337,27.7468_80.2485,1,1
1338,27.4379_82.2073,1,1
1348,27.7556_79.8161,1,1
1355,25.9467_81.5283,1,1
1360,26.6967_81.0661,2,1
1362,26.1143_81.9485,1,1
1374,28.2257_80.3397,2,1
1398,28.0056_81.0749,1,1
1399,26.9555_81.3783,2,1
1403,27.9968_81.5161,2,1
1410,26.5467_81.6662,1,1
1420,26.2556_80.7249,0,1
1422,26.8379_82.2573,2,1
1424,26.4757_79.8573,1,1
1428,27.1467_82.1283,1,1
1431,27.5144_79.4749,1,1
1436,26.4055_81.5073,1,1
1439,27.3143_80.7073,1,1
1441,26.6879_81.4485,1,1
1445,26.9968_82.1161,1,1
1447,27.1143_81.9897,1,1
1448,27.1143_81.9897,0,1
1449,27.1143_81.9897,2,1
1451,26.9643_80.3985,1,1
1462,27.1379_79.6073,2,1
1468,27.9143_80.7661,1,1
1475,26.6467_81.4661,1,1
1476,27.8467_81.6662,2,1
1481,26.5643_82.3161,0,1
1482,28.0467_80.0661,1,1
1484,26.6258_80.9397,1,1
1486,27.6967_81.1662,1,1
1490,26.4555_80.5283,2,1
1493,27.5757_82.2573,1,1
1497,26.1380_80.9162,2,1
1499,27.9643_79.2485,1,1
1501,25.5643_81.3283,1,1
1502,26.0967_80.6283,1,1
1510,26.1967_79.8283,1,1
1518,28.4143_80.0661,1,1
1519,27.5757_79.9661,1,1
1524,26.4643_79.7485,0,1
1527,26.2967_79.8249,2,1
1528,27.3379_81.4985,1,1
1531,25.7143_81.8397,1,1
1532,25.7143_81.8397,1,1
1534,26.6379_81.4985,1,1
1535,28.2879_79.7783,1,1
1538,25.6556_81.7573,2,1
1539,25.6556_81.7573,1,1
1540,25.9643_81.6161,1,1
1542,26.9055_80.3661,0,1
1546,25.9643_81.6985,1,1
1549,27.0967_79.3573,2,1
1551,26.7257_81.9485,1,1
1557,26.2143_79.9985,0,1
1561,26.3379_81.9661,1,1
1567,26.7644_81.2161,1,1
1571,26.8143_81.3485,2,1
1574,25.8555_81.1161,0,1
1589,27.2967_78.9161,1,1
1590,26.8967_81.1662,2,1
1594,26.9555_78.8573,1,1
1596,27.9257_80.1073,1,1
1601,27.2644_82.2985,2,1
1621,26.2143_81.0661,1,1
1625,26.5144_81.0573,1,1
1636,27.4757_79.6897,1,1
1637,27.9555_79.9573,0,1
1647,26.0144_80.9573,1,1
1648,27.3055_80.9485,2,1
1649,27.3967_81.9573,1,1
1665,26.6967_81.0573,1,1
1671,25.9968_81.2897,2,1
1672,25.8555_81.7897,2,1
1687,27.9379_81.1161,1,1
1688,27.3879_82.3161,1,1
1690,27.5967_80.9162,1,1
1695,26.1879_80.2897,2,1
1702,26.2143_79.7661,2,1
1705,26.2644_81.0985,1,1
1706,26.6879_79.0897,2,1
1708,27.5379_80.5249,1,1
1712,26.7644_82.4397,1,1
1713,27.9643_81.4485,2,1
1715,26.0879_81.3573,1,1
1720,25.5467_81.2485,0,1
1723,27.1467_80.6283,1,1
1724,28.3555_80.0985,1,1
1728,26.0967_82.1073,1,1
1729,26.9379_79.9161,1,1
1731,27.3055_79.0397,1,1
1741,28.2967_79.5249,1,1
1742,27.3967_82.1662,1,1
1745,27.1143_80.5897,2,1
1747,26.9143_81.2283,2,1
1754,25.3467_81.1662,1,1
1756,27.7758_80.1662,1,1
1776,26.3643_80.1283,0,1
1789,26.1967_81.4661,1,1
1792,27.6879_81.5485,1,1
1793,27.6879_81.5485,1,1
1794,27.6879_81.5485,2,1
1800,27.8379_80.7897,2,1
1801,25.8643_80.9661,1,1
1802,25.5379_81.4397,1,1
1803,26.3757_81.2897,1,1
1805,27.7143_80.0397,2,1
1816,28.0555_80.0897,1,1
1821,27.2644_79.1661,1,1
1827,27.8555_80.5397,2,1
1828,27.8555_80.5397,2,1
1834,27.6143_80.1662,2,1
1838,26.6555_79.3897,1,1
1856,28.3758_79.8397,1,1
1863,26.5144_82.1574,1,1
1868,26.5056_79.5397,2,1
1874,26.2055_81.8485,1,1
1875,26.9968_81.0661,2,1
1884,26.7468_81.4783,1,1
1891,26.8379_81.1574,2,1
1898,26.7055_81.7661,1,1
1899,27.7380_79.4573,1,1
1904,27.9968_79.8897,1,1
1908,27.1467_82.0161,2,1
1910,25.8643_81.2897,2,1
1912,27.4379_79.4897,1,1
1922,26.2644_80.8573,1,1
1925,27.1791_80.0573,1,1
1943,25.7556_80.6283,2,1
1948,26.6555_79.1783,1,1
1972,27.3379_81.8485,1,1
1978,26.4055_81.0485,1,1
1979,26.4055_81.0485,1,1
1980,26.5144_79.9661,0,1
1981,27.0379_79.6485,1,1
1984,26.3967_81.2897,2,1
1994,28.0879_80.5161,0,1
2002,26.6467_79.3897,1,1
2003,26.7257_81.4783,1,1
2010,26.4467_80.7485,1,1
2012,27.3643_79.1397,1,1
2015,26.7644_80.1073,1,1
2018,27.7257_80.8485,1,1
2021,27.1143_80.8661,1,1
2024,26.0379_81.8986,1,1
2035,26.1143_80.1662,0,1
2047,26.7468_82.4073,1,1
2048,28.0555_80.5283,1,1
2051,27.8257_79.3397,1,1
2053,27.6467_81.6783,2,1
2054,26.0791_81.7661,1,1
2056,26.9643_79.6161,1,1
2058,27.0467_81.0161,1,1
2060,25.9643_81.5985,1,1
2061,25.8880_80.9897,1,1
2072,27.4379_80.6485,2,1
2075,27.1143_79.2783,1,1
2077,26.4143_81.7897,1,1
2078,26.4143_81.7897,1,1
2086,27.7257_81.5985,2,1
2089,26.4879_80.8897,2,1
2092,25.9643_81.9485,1,1
2103,26.5643_81.6073,1,1
2106,26.2967_81.0249,1,1
2108,27.3555_79.8397,1,1
2112,27.0555_80.4783,1,1
2113,27.4555_80.1485,2,1
2116,28.1143_79.6783,2,1
2117,27.6757_80.0161,1,1
2134,26.4143_81.7283,1,1
2140,26.0144_80.9897,1,1
2141,26.0144_80.9897,1,1
2142,26.0144_80.9897,1,1
2144,27.2758_81.0283,1,1
2150,26.7257_81.1897,1,1
2152,27.7644_79.6661,1,1
2163,27.3643_80.0661,1,1
2167,25.5757_81.3897,1,1
2169,27.9555_81.4897,2,1
2170,27.3467_80.7485,1,1
2171,27.3467_80.7485,1,1
2173,27.1555_79.4985,2,1
2175,27.1555_79.4985,0,1
2176,27.1555_79.4985,1,1
2193,27.7644_79.8573,1,1
2196,26.6379_80.2485,1,1
2200,27.6055_78.8985,1,1
2206,27.1467_81.0573,1,1
2210,26.6879_81.2749,2,1
2211,27.6791_79.8161,1,1
2215,27.0967_82.1161,2,1
2219,26.6643_79.1897,2,1
2224,26.0555_80.6750,1,1
2230,27.8143_80.5897,1,1
2236,26.9643_81.0397,2,1
2237,26.7644_81.7897,1,1
2240,26.1143_80.2661,1,1
2241,26.1143_80.2661,2,1
2245,26.1556_80.1485,1,1
2264,27.2143_81.9397,1,1
2273,26.5967_81.4397,2,1
2274,25.6644_81.2397,1,1
2280,28.1258_80.2897,1,1
2284,27.9792_79.1573,0,1
2288,26.0791_80.2161,1,1
2289,26.1380_82.0161,1,1
2291,26.9968_80.1662,0,1
2296,27.7055_79.7897,1,1
2305,27.4055_81.9985,2,1
2306,26.2468_81.3573,1,1
2308,26.2556_81.3073,1,1
2309,26.2556_81.3073,1,1
2311,26.2879_79.8985,1,1
2332,27.9555_80.7485,2,1
2336,26.3467_82.1161,1,1
2337,25.8379_80.5985,1,1
2340,27.4643_81.0073,2,1
2342,25.5879_81.4573,1,1
2345,25.9379_80.6485,0,1
2347,25.9379_81.8485,1,1
2352,27.7143_80.8073,1,1
2358,26.6143_81.5573,1,1
2367,27.0555_82.1249,1,1
2372,26.8758_81.1574,0,1
2376,26.3643_82.0897,1,1
2390,27.8967_81.4897,2,1
2393,26.0144_81.9985,2,1
2404,26.6879_79.3397,1,1
2413,26.8758_79.5073,1,1
2415,26.9643_81.3783,2,1
2430,27.5757_79.7985,1,1
2433,26.7879_81.5161,1,1
2443,26.2758_80.4783,2,1
2444,27.8257_81.8986,1,1
2445,27.5643_81.6897,2,1
2449,26.1556_82.1073,1,1
2455,26.4879_82.1486,1,1
2461,26.2967_80.3783,1,1
2464,27.1643_80.4783,2,1
2492,26.3643_79.6397,2,1
2493,26.3643_79.6397,1,1
2496,27.9555_80.4162,0,1
2500,27.7758_79.6073,1,1
2501,27.8143_80.4162,2,1
2503,26.1380_81.7573,1,1
2506,27.5757_79.7661,1,1
2508,27.7644_80.7897,1,1
2517,26.1644_80.8573,1,1
2523,26.5144_82.1397,2,1
2526,27.5643_80.6485,1,1
2527,27.2556_79.5485,2,1
2533,27.3467_81.0397,1,1
2544,25.8467_80.6283,0,1
2552,26.0879_81.5073,1,1
2553,26.8879_81.2073,2,1
2558,26.6379_82.1985,0,1
2565,26.3143_80.6897,1,1
2572,26.9555_80.8783,1,1
2574,27.0967_82.2249,2,1
2578,26.6055_81.7161,1,1
2580,26.1967_79.8397,0,1
2582,26.1967_79.8397,0,1
2584,27.6791_81.8073,2,1
2590,27.2758_82.0161,1,1
2591,27.6467_82.1783,1,1
2592,27.2380_79.3397,0,1
2598,27.3643_80.3485,2,1
2603,27.6643_80.0073,1,1
2604,26.6643_81.9985,1,1
2605,26.8967_81.9749,1,1
2607,27.5555_79.3485,1,1
2610,28.1879_80.0661,1,1
2612,25.9467_81.9573,2,1
2614,27.0555_81.2661,1,1
2615,27.0555_81.2661,1,1
2616,25.9379_80.7397,1,1
2624,26.2055_81.6161,1,1
2627,27.3879_79.8897,2,1
2630,25.9757_81.7161,1,1
2633,27.5555_79.7397,2,1
2635,28.1379_79.9661,1,1
2636,28.1379_79.9661,0,1
2654,25.5967_81.6897,2,1
2655,25.5967_81.6897,1,1
2656,25.5967_81.6897,2,1
2663,26.5379_79.7161,1,1
2664,26.9791_79.3897,1,1
2667,25.9056_81.3897,1,1
2673,26.7257_81.7985,1,1
2677,25.7467_81.5985,1,1
2678,27.6757_81.5897,1,1
2679,27.6757_81.5897,1,1
2680,27.6757_81.5897,2,1
2692,26.6555_79.6073,1,1
2705,26.1143_81.9250,2,1
2706,26.6879_81.9074,1,1
2714,26.1644_81.2161,2,1
2715,26.2879_80.8985,1,1
2718,26.9643_80.5073,2,1
2719,26.9643_80.5073,2,1
2720,26.9643_80.5073,0,1
2723,26.4643_81.4985,1,1
2724,25.7879_81.8986,1,1
2725,27.3967_81.0397,1,1
2726,26.2556_81.0073,1,1
2727,26.2556_81.0073,1,1
2729,27.2380_81.7897,1,1
2731,25.8643_80.5897,1,1
2741,25.7379_81.3283,1,1
2744,27.9880_79.5485,1,1
2756,27.7143_80.2661,1,1
2760,25.8643_81.2985,2,1
2761,25.8643_81.2985,2,1
2762,27.5144_79.4073,0,1
2767,27.0791_81.2485,1,1
2772,26.8967_80.0073,1,1
2775,25.9968_81.9074,1,1
2776,28.3379_79.8573,1,1
2782,26.5643_79.5283,1,1
2790,26.7143_80.9485,2,1
2798,25.9757_81.6283,1,1
2801,26.3379_79.6573,2,1
2806,27.0967_79.4161,0,1
2816,26.2879_81.6985,1,1
2818,26.1143_80.8161,1,1
2821,26.3643_80.3073,0,1
2822,26.7055_81.1283,1,1
2823,26.9643_81.0573,2,1
2828,26.4555_81.4397,1,1
2835,26.0379_81.8485,2,1
2838,26.6055_79.4397,1,1
2840,27.5643_80.4573,2,1
2848,27.8143_81.8485,1,1
2849,27.0056_78.7573,1,1
2854,26.9555_82.3161,1,1
2855,27.1258_82.3985,1,1
2860,26.0467_81.6073,1,1
2866,26.2055_79.7985,0,1
2870,27.5757_80.7073,2,1
2880,25.8643_81.8897,1,1
2890,26.8879_82.4073,1,1
2892,26.3643_80.8573,2,1
2899,26.1967_79.8485,0,1
2907,26.3257_79.7897,1,1
2912,27.6643_79.9985,2,1
2917,27.2291_80.9985,1,1
2919,27.0258_80.9073,1,1
2924,26.2291_82.1073,1,1
2926,26.9143_81.9162,1,1
2927,26.4143_81.6897,1,1
2928,25.9258_81.1397,0,1
2934,26.8257_82.3661,1,1
2936,27.8555_81.4783,0,1
2937,26.8555_80.8661,1,1
2947,26.5643_80.0897,0,1
2963,26.3643_81.3485,1,1
2970,27.2468_81.8161,1,1
2974,27.0144_79.7783,1,1
2975,28.0879_79.6283,2,1
2990,26.0467_81.6397,1,1
2991,27.5056_80.9162,1,1
3002,26.5879_81.1783,1,1
3006,25.5967_81.6485,1,1
3007,25.5967_81.6485,1,1
3012,27.0967_81.3661,1,1
3013,26.2879_79.6897,1,1
3016,26.0144_81.1161,2,1
3029,27.1967_80.6073,2,1
3030,27.1379_82.4283,1,1
3035,26.6643_80.6161,2,1
3036,26.1556_79.7897,0,1
3043,27.8967_80.7573,1,1
3045,25.7143_81.2397,0,1
3046,25.4757_81.2897,2,1
3050,26.2379_80.9985,1,1
3051,27.1643_82.3485,1,1
3066,28.3143_79.5783,2,1
3069,27.8967_81.2073,2,1
3074,26.3379_80.3897,1,1
3084,25.9757_80.0573,2,1
3086,26.3379_80.2897,1,1
3107,26.9055_78.9897,1,1
3112,27.3758_79.7897,1,1
3113,27.1967_80.0397,1,1
3125,25.8757_81.1161,1,1
3126,26.6055_80.8283,2,1
3133,27.2644_81.1485,1,1
3137,27.6379_80.6161,2,1
3138,27.2879_80.2073,1,1
3141,26.3643_79.6985,1,1
3156,26.0555_80.4985,2,1
3167,26.9379_81.5397,2,1
3181,26.1556_80.7161,1,1
3184,26.3143_80.8985,1,1
3187,25.8643_81.5283,1,1
3188,26.2758_79.7485,1,1
3192,26.6967_79.7661,0,1
3218,27.7468_82.1662,1,1
3229,25.3968_81.2897,1,1
3231,27.3967_82.0661,1,1
3240,27.3467_81.7897,1,1
3243,26.4055_81.6397,1,1
3245,26.1380_81.0985,1,1
3248,27.1143_81.5397,1,1
3249,27.1258_81.1161,2,1
3254,28.2380_79.8161,1,1
3255,26.4143_81.4897,1,1
3256,26.4143_81.4897,1,1
3259,26.2556_81.7661,1,1
3261,27.4143_80.6485,1,1
3262,27.4143_80.6485,1,1
3271,26.9379_80.2783,1,1
3280,26.3379_82.0161,1,1
3286,28.4555_80.1897,1,1
3287,26.6555_81.5283,2,1
3300,27.0643_79.3661,1,1
3302,26.3555_81.0897,1,1
3304,27.0967_78.8783,1,1
3310,27.9055_80.0397,1,1
3313,26.9055_81.4397,1,1
3316,26.4467_81.3897,1,1
3323,28.3644_79.7985,1,1
3324,26.9143_80.4485,1,1
3342,28.1879_79.7783,1,1
3351,27.0379_80.5073,2,1
3354,26.8643_81.5397,1,1
3363,27.1879_82.3661,1,1
3364,27.2791_80.9485,1,1
3370,27.3643_81.4985,2,1
3371,26.2055_82.1283,1,1
3375,26.6379_80.6397,2,1
3378,26.3967_81.7897,1,1
3381,27.0879_82.2073,1,1
3382,26.6967_81.0485,1,1
3389,27.6643_81.3749,1,1
3390,26.3379_82.0073,1,1
3391,26.6967_82.1985,2,1
3397,26.1644_82.1783,1,1
3402,26.0056_81.6662,1,1
3403,26.0056_81.6662,1,1
3404,26.2967_81.3485,2,1
3406,27.3967_80.7985,1,1
3409,26.6879_81.3985,1,1
3413,26.6467_81.2985,1,1
3433,27.1879_81.7485,1,1
3437,25.7379_81.6485,1,1
3445,27.6467_78.9573,2,1
3450,26.5757_80.9073,1,1
3453,28.3644_79.6661,1,1
3455,25.7143_81.6397,2,1
3456,25.7143_81.6397,1,1
3460,26.6967_81.6283,1,1
3469,28.4055_79.7985,1,1
3473,25.9968_81.7073,2,1
3482,27.6757_82.2161,1,1
3484,28.0379_79.2397,2,1
3486,28.0379_79.2397,1,1
3488,28.0379_79.2397,0,1
3499,26.0967_81.6485,1,1
3502,26.1143_81.0397,1,1
3503,26.1055_81.1985,1,1
3509,28.1258_79.8573,2,1
3519,27.3555_81.7783,1,1
3526,27.9643_80.6985,1,1
3531,27.6555_80.0161,2,1
3534,26.3143_80.8897,1,1
3536,26.7879_81.5897,1,1
3539,26.1380_81.1897,1,1
3547,26.3879_79.7783,2,1
3548,27.5258_79.0397,1,1
3550,26.7055_81.1662,1,1
3556,25.6380_81.4074,1,1
3558,28.2967_80.3283,1,1
3559,27.7143_81.5485,2,1
3565,26.7556_78.8897,1,1
3569,27.9643_79.6661,1,1
3580,28.2879_79.9573,1,1
3581,27.7967_80.1897,2,1
3586,27.4643_79.1661,0,1
3587,27.2291_81.5573,2,1
3594,27.9257_79.9073,1,1
3603,27.1879_81.0985,1,1
3609,27.9143_80.8161,2,1
3615,27.5144_80.9897,1,1
3617,26.1644_80.7573,1,1
3621,28.1555_79.8897,1,1
3626,27.6143_80.6573,1,1
3627,27.6143_80.6573,2,1
3629,27.6143_80.6573,2,1
3636,27.2055_78.8897,1,1
3639,25.6556_80.1161,1,1
3640,26.4879_79.5897,1,1
3648,26.2556_81.3485,2,1
3649,27.4555_82.1750,1,1
3650,27.4555_82.1750,1,1
3656,27.0144_81.7985,1,1
3663,26.4143_81.6397,1,1
3669,26.6791_82.3249,1,1
3672,26.3643_79.3985,1,1
3676,26.1758_80.0573,2,1
3683,27.7143_79.6750,2,1
3684,27.4555_80.2249,1,1
3685,26.0144_80.6573,1,1
3687,26.0144_80.6573,1,1
3689,27.1055_80.3985,2,1
3693,27.6643_82.0249,1,1
3702,27.6879_80.2573,1,1
3705,26.6967_81.3897,1,1
3706,25.7967_81.6485,1,1
3707,27.4143_80.4897,2,1
3715,27.0879_80.9073,2,1
3732,26.4291_81.4074,1,1
3735,26.1143_80.1573,2,1
3738,26.4757_81.5161,1,1
3742,27.6643_79.7897,1,1
3746,26.3967_81.0073,2,1
3756,27.6643_81.6574,1,1
3759,25.9467_80.9283,1,1
3767,26.9880_80.3485,0,1
3771,26.4643_81.2573,1,1
3775,26.6055_79.9161,0,1
3780,26.8467_78.7485,1,1
3781,26.8467_78.7485,1,1
3800,27.2556_80.0485,1,1
3801,27.0056_82.0985,0,1
3805,26.5791_79.2783,1,1
3815,27.7644_79.6573,1,1
3824,28.2468_79.5161,0,1
3831,26.1468_80.0897,1,1
3833,26.2967_82.1397,1,1
3854,25.9056_81.0897,1,1
3859,27.8879_80.0897,2,1
3865,27.7791_79.7397,2,1
3867,27.9379_81.4783,2,1
3869,27.8879_81.6897,1,1
3872,26.2967_79.8985,0,1
3874,26.6555_82.1897,2,1
3876,27.7468_81.7397,2,1
3880,27.4757_79.6573,1,1
3882,27.5258_81.8986,2,1
3891,28.2556_79.8485,2,1
3912,26.8143_81.3397,1,1
3918,26.2468_82.1985,2,1
3925,26.3967_81.6662,2,1
3928,26.3879_81.9485,1,1
3929,25.7758_81.8485,1,1
3930,25.9879_81.9485,1,1
3936,26.9555_80.8985,1,1
3943,26.3757_80.2897,2,1
3946,27.2879_81.1574,1,1
3947,27.2879_81.1574,2,1
3948,27.2879_81.1574,2,1
3950,26.0144_80.6161,0,1
3969,27.7380_81.7573,2,1
3970,27.7380_81.7573,1,1
3971,27.7380_81.7573,2,1
3972,27.7380_81.7573,1,1
3974,27.7556_82.0661,2,1
3976,26.2468_80.1073,0,1
3978,27.1879_80.1397,1,1
3982,26.6467_82.0897,1,1
3983,27.0555_79.8249,1,1
3988,27.6143_80.7397,2,1
3992,27.1643_79.1485,1,1
3994,26.6379_81.9162,1,1
4002,28.2257_79.8161,1,1
4006,26.7055_81.3783,1,1
4008,28.2292_79.9073,1,1
4011,25.7556_81.0783,2,1
4021,26.4968_79.4485,0,1
4022,26.6643_82.1486,1,1
4027,27.2644_79.0485,0,1
4029,26.1644_80.3485,2,1
4032,26.3143_80.3783,1,1
4033,26.3143_80.3783,0,1
4035,26.3143_80.3783,1,1
4038,25.7257_81.6397,1,1
4053,26.6379_80.8897,1,1
4054,26.3757_81.8573,1,1
4059,26.1879_81.2985,1,1
4072,26.0967_81.5573,1,1
4084,26.9143_80.4283,2,1
4086,26.8379_78.7749,2,1
4091,26.1380_80.2283,0,1
4094,26.0144_81.4897,1,1
4095,26.0144_81.4897,1,1
4102,25.9467_81.8661,1,1
4103,25.9467_81.8661,1,1
4108,27.3643_79.2573,1,1
4111,25.8379_80.8783,1,1
4130,27.9379_80.7397,2,1
4132,26.8555_82.2897,1,1
4134,26.3967_81.5661,1,1
4142,26.1556_79.7661,1,1
4148,26.2879_80.9485,1,1
4149,27.2055_81.9749,1,1
4159,26.4643_81.6397,0,1
4164,27.9055_79.9573,1,1
4171,27.5757_79.9573,1,1
4182,26.7257_81.6397,1,1
4183,27.1555_79.7897,2,1
4187,26.6967_80.8397,2,1
4196,26.9379_78.7897,1,1
4198,26.2758_80.0573,1,1
4200,26.0258_80.5897,1,1
4201,26.4757_82.2397,2,1
4206,26.3143_82.1397,1,1
4208,26.4968_79.5397,1,1
4224,27.0258_82.3397,1,1
4225,27.6643_82.1161,1,1
4226,26.4055_79.5573,2,1
4228,26.3555_80.0985,0,1
4229,26.1143_79.2985,2,1
4230,26.5144_81.3485,1,1
4238,26.6967_81.1397,2,1
4241,28.2143_79.5485,0,1
4242,28.2143_79.5485,0,1
4243,28.2143_79.5485,0,1
4256,28.0879_81.0573,1,1
4266,27.0967_81.5985,1,1
4267,27.0967_81.5985,1,1
4271,26.0643_81.1662,1,1
4279,25.7055_81.7573,1,1
4282,26.6379_81.5283,2,1
4285,27.8643_79.7073,2,1
4288,27.5967_79.2161,1,1
4289,26.7380_79.0897,1,1
4293,26.9968_78.9283,1,1
4297,25.7967_80.6397,2,1
4298,27.4643_78.8485,1,1
4305,26.9143_81.0397,2,1
4308,25.6967_81.7073,1,1
4312,27.6055_82.1283,1,1
4331,28.2556_79.9073,0,1
4335,27.5144_81.0783,1,1
4342,27.4143_79.2897,0,1
4344,27.1643_80.3485,1,1
4348,26.6643_82.3661,2,1
4356,27.5879_82.2485,1,1
4369,27.0379_80.2485,0,1
4373,27.6379_80.1985,1,1
4375,26.1967_81.3485,1,1
4392,25.7143_79.8897,1,1
4393,25.5379_81.3397,0,1
4398,27.9792_79.7161,1,1
4400,27.5643_81.6662,2,1
4402,26.1468_81.0985,1,1
4411,27.2967_78.8397,1,1
4412,27.2758_82.2397,1,1
4413,25.7379_81.8283,1,1
4414,25.6143_81.4074,2,1
4416,25.6143_81.4074,0,1
4419,27.2055_81.0661,1,1
4422,27.5967_80.8161,1,1
4424,26.3879_81.7397,1,1
4427,27.8143_79.7397,1,1
4428,26.3643_81.9573,1,1
4434,28.3257_80.9485,1,1
4443,26.5967_81.5161,1,1
4457,26.1468_79.8073,2,1
4459,27.2055_81.5397,1,1
4465,27.9379_80.1897,0,1
4466,27.2967_79.4485,1,1
4469,26.4143_81.8897,1,1
4470,26.6258_81.7397,1,1
4480,26.5643_81.7161,1,1
4481,27.8758_81.1985,1,1
4483,27.4467_81.7283,1,1
4496,25.8968_81.7397,1,1
4498,25.4879_81.3073,1,1
4499,28.5144_80.1750,1,1
4500,27.6757_80.8573,1,1
4506,25.8055_81.9074,1,1
4507,25.8055_81.9074,1,1
4508,26.2143_79.3073,1,1
4513,27.4555_79.1985,0,1
4515,28.0757_79.5985,1,1
4518,26.9379_79.4573,0,1
4530,26.2055_79.2897,1,1
4535,27.4055_80.8161,2,1
4537,25.6257_81.6283,2,1
4541,25.7556_81.7897,1,1
4543,26.6555_80.1573,2,1
4545,27.0879_79.7283,1,1
4548,27.0056_81.9074,1,1
4550,26.3143_81.3661,2,1
4552,27.3257_79.4161,2,1
4554,27.7758_80.1897,1,1
4563,27.0555_81.3397,2,1
4565,27.6143_80.6662,1,1
4569,27.1643_81.2897,1,1
4576,27.3879_80.2897,2,1
4580,26.8643_81.4397,1,1
4590,26.7143_79.0661,1,1
4594,26.9379_80.2661,0,1
4599,27.7967_80.2661,2,1
4604,26.1556_80.9985,1,1
4612,26.6143_81.4573,1,1
4613,27.2143_81.0573,1,1
4614,25.6556_80.1485,1,1
4616,27.9555_79.6661,1,1
4617,27.9555_79.6661,1,1
4623,26.9379_80.9897,1,1
4624,26.9379_80.9897,2,1
4629,27.3379_82.2161,1,1
4630,27.3055_82.2161,1,1
4648,26.8143_80.2897,2,1
4649,26.9968_81.0573,2,1
4651,26.9055_80.2161,0,1
4654,28.0467_79.4073,0,1
4672,26.8379_81.7485,2,1
4678,26.8879_81.1397,0,1
4683,26.1143_80.2573,0,1
4688,26.9643_80.5283,2,1
4702,26.2379_80.0573,2,1
4703,27.1258_80.1161,1,1
4705,25.9144_82.0661,1,1
4706,26.8379_78.8897,1,1
4709,25.8143_81.2397,2,1
4712,26.3879_82.3485,1,1
4713,25.7379_81.7397,1,1
4716,26.0467_81.3161,1,1
4723,25.6556_80.0897,1,1
4724,25.6556_80.0897,1,1
4728,27.3967_80.0397,2,1
4734,26.6879_80.8397,0,1
4735,26.6879_80.8397,2,1
4741,27.3643_82.2397,1,1
4742,26.6555_79.2783,0,1
4751,26.1644_81.5661,1,1
4758,25.7379_80.8573,1,1
4763,27.2380_81.9283,1,1
4774,27.6055_81.6485,2,1
4775,27.6055_81.6485,1,1
4777,27.6055_81.6485,1,1
4779,25.8757_81.7783,2,1
4790,27.9757_79.8897,2,1
4798,26.6055_80.4573,2,1
4801,26.2143_80.8397,1,1
4802,25.8555_80.8073,1,1
4804,27.2967_81.8897,2,1
4805,26.8758_81.0985,2,1
4816,26.1556_81.7283,1,1
4823,27.6379_80.9073,2,1
4830,26.2879_82.0161,1,1
4831,26.2879_82.0161,1,1
4833,26.6379_80.1662,1,1
4834,26.6379_80.1662,1,1
4835,27.5144_79.4897,2,1
4844,26.4055_81.7073,1,1
4846,26.9055_81.5485,1,1
4848,27.0879_80.5397,1,1
4850,26.8467_81.5397,1,1
4853,25.6143_81.1897,1,1
4857,27.3643_81.9783,1,1
4858,27.3643_81.9783,1,1
4861,27.0144_81.1283,2,1
4874,27.0056_79.9573,0,1
4876,27.9143_80.7897,0,1
4886,27.4643_80.1485,1,1
4897,26.4055_79.5397,2,1
4901,26.8257_81.7485,1,1
4904,27.3643_80.3661,1,1
4905,27.8379_81.3397,1,1
4919,27.1643_79.6161,1,1
4937,27.4555_79.0897,2,1
4938,27.0879_80.2985,2,1
4942,27.2879_81.0661,2,1
4949,25.7143_81.0661,2,1
4950,28.0757_80.5161,0,1
4953,27.1757_81.9897,2,1
4956,26.6757_81.9985,1,1
4959,27.0791_80.1662,2,1
4961,25.8143_81.9397,1,1
4963,26.6467_81.9985,1,1
4965,27.6055_80.8073,2,1
4966,27.2967_80.8397,1,1
4968,27.6258_80.5573,1,1
4972,26.8143_80.0661,1,1
4973,26.1644_82.2485,2,1
4982,27.3967_79.9397,1,1
4983,27.2291_79.6897,1,1
4987,27.3643_79.7897,1,1
4988,26.7143_81.5661,0,1
4991,26.1967_80.8283,1,1
4997,26.7380_81.1485,2,1
5009,25.4757_81.3897,1,1
5010,27.1879_78.9161,2,1
5011,26.2055_80.1897,2,1
5015,26.1055_81.8485,1,1
5016,26.7257_81.8485,1,1
5019,27.9257_79.1897,1,1
5021,26.6258_80.4573,1,1
5026,27.3555_80.6485,1,1
5040,26.6379_80.8573,2,1
5042,26.2967_81.9485,1,1
5048,27.4379_80.2283,1,1
5064,28.3644_80.9661,1,1
5067,27.0056_78.8783,1,1
5071,26.1380_81.9985,1,1
5079,26.0643_81.3573,2,1
5086,26.0467_81.9162,1,1
5087,27.3257_79.8161,2,1
5088,27.6467_80.0897,1,1
5093,25.8379_81.3161,1,1
5098,27.2380_80.2783,1,1
5115,26.9143_79.6783,1,1
5123,26.0291_81.4074,1,1
5126,26.2468_81.0161,1,1
5137,26.7644_81.2397,1,1
5142,27.7758_80.2485,2,1
5147,27.5379_81.6662,2,1
5148,27.7143_80.8661,1,1
5152,27.9880_81.4661,2,1
5163,27.5258_79.2485,1,1
5166,25.6257_80.0661,1,1
5167,25.6257_80.0661,1,1
5170,27.5643_81.7485,2,1
5174,25.7143_81.6073,1,1
5177,27.0879_82.0161,1,1
5181,27.0144_79.8161,0,1
5184,26.2556_81.7783,1,1
5198,27.4467_81.6985,1,1
5199,27.1467_80.2283,0,1
5204,26.4467_81.6985,1,1
5205,26.3143_80.6485,1,1
5212,25.6143_81.7073,1,1
5213,27.6555_82.0485,1,1
5217,26.6879_82.2897,2,1
5220,27.7468_80.0985,1,1
5221,27.3643_81.7897,2,1
5222,27.3643_81.7897,1,1
5224,25.9879_81.6249,1,1
5225,26.4467_80.5283,0,1
5226,26.5467_82.3485,1,1
5227,26.5467_82.3485,1,1
5231,26.8643_81.1662,2,1
5242,26.6879_80.9485,0,1
5244,26.9555_81.8283,1,1
5247,27.5967_79.6897,1,1
5261,26.3379_80.4661,1,1
5263,26.3379_80.4661,1,1
5264,26.2556_79.7661,1,1
5279,27.0056_78.8573,2,1
5289,27.2380_79.0161,2,1
5290,26.0643_81.8485,1,1
5291,27.0967_82.3397,1,1
5302,27.3143_79.5897,1,1
5303,28.2468_79.9661,0,1
5304,25.4879_81.2485,1,1
5307,27.8555_81.7661,1,1
5314,26.5144_81.7985,1,1
5316,26.3555_82.0161,1,1
5321,27.4880_79.6397,1,1
5323,26.3757_81.1574,1,1
5324,27.1555_80.0161,1,1
5337,28.2292_79.8661,1,1
5343,27.4055_78.9897,1,1
5347,28.0757_80.4397,1,1
5348,26.1143_81.0161,1,1
5355,27.8555_80.5249,2,1
5369,26.3643_81.0073,1,1
5370,27.2758_82.4161,2,1
5378,26.5056_80.1985,0,1
5379,27.1879_80.4162,2,1
5392,27.1555_80.6161,0,1
5393,27.8379_79.7485,1,1
5397,28.3555_79.8897,1,1
5412,28.3143_79.5897,1,1
5413,28.3143_79.5897,2,1
5417,27.7758_80.8485,1,1
5421,27.5967_80.5485,2,1
5424,28.1555_79.7073,1,1
5426,26.6055_79.4161,1,1
5430,27.2143_80.5573,1,1
5431,27.2143_80.5573,1,1
5433,27.2758_82.1750,1,1
5436,28.1379_79.8749,2,1
5446,27.9467_79.9485,2,1
5449,27.9143_79.1897,1,1
5454,26.9379_81.0485,2,1
5457,26.1644_80.6783,1,1
5461,26.1967_80.9397,1,1
5466,26.5879_82.3073,2,1
5468,27.7556_80.1662,1,1
5469,26.2758_79.6661,2,1
5470,26.4879_81.7985,1,1
5485,26.1380_80.1397,1,1
5490,26.0967_81.4397,2,1
5503,26.7055_81.1485,2,1
5512,25.9144_81.9661,1,1
5531,27.6555_80.3485,1,1
5542,26.1791_82.1574,2,1
5545,27.7468_80.2397,2,1
5546,28.0555_80.5161,2,1
5547,28.0555_80.5161,0,1
5551,27.8643_79.3485,2,1
5555,26.6379_82.2397,1,1
5556,26.6379_82.2397,2,1
5557,26.6379_82.2397,2,1
5560,27.1967_81.5661,2,1
5562,26.4143_80.1485,2,1
5566,27.0144_80.8985,1,1
5569,27.1757_80.7283,1,1
5570,27.5144_79.1161,1,1
5574,26.3467_82.3283,1,1
5575,27.2644_81.2073,2,1
5577,27.6467_80.7397,2,1
5581,27.6143_82.0397,1,1
5588,25.6556_81.0283,2,1
5593,25.6055_81.6574,1,1
5596,26.4555_81.4074,1,1
5598,27.5379_80.5985,1,1
5602,27.0258_82.2783,1,1
5606,26.2556_80.0573,0,1
5611,27.3967_80.0985,1,1
5627,27.0144_81.9573,1,1
5632,28.3257_79.7397,1,1
5633,28.3257_79.7397,0,1
5634,28.3257_79.7397,1,1
5639,25.6556_81.0397,2,1
5642,27.8055_80.1750,2,1
5644,26.3879_79.6985,1,1
5651,26.4643_80.9573,1,1
5652,27.6467_79.7397,1,1
5657,26.9291_82.2661,2,1
5663,26.1380_81.9573,1,1
5667,27.9792_81.5249,1,1
5674,25.8379_80.6897,1,1
5675,25.8379_80.6897,1,1
5677,27.1757_80.3573,2,1
5680,26.7967_79.3485,1,1
5689,26.5379_80.4162,1,1
5690,27.5643_82.1283,1,1
5692,27.0967_80.1985,1,1
5696,27.3467_79.6073,1,1
5700,28.2143_79.6249,1,1
5703,27.4379_81.9074,2,1
5704,27.2556_81.7985,2,1
5711,28.1467_80.4162,1,1
5722,27.9757_80.6750,1,1
5723,27.2967_79.3485,1,1
5728,25.8055_80.9573,0,1
5735,26.6643_81.9783,1,1
5736,27.5757_81.6397,2,1
5739,27.6879_80.5073,2,1
5752,26.3967_79.5897,1,1
5753,27.5643_81.6485,1,1
5755,27.2143_81.0897,2,1
5759,25.8880_81.1485,1,1
5768,27.0555_81.7573,1,1
5779,25.5967_81.2897,2,1
5781,26.5144_80.0283,0,1
5792,27.2879_80.9897,1,1
5793,27.2879_80.9897,1,1
5794,26.2556_80.9661,1,1
5800,26.1644_81.5397,1,1
5802,26.5467_82.3897,1,1
5803,25.8467_81.9985,1,1
5804,25.5879_81.1073,1,1
5814,25.8467_80.7397,0,1
5815,27.6879_82.1283,1,1
5818,26.7055_81.5485,1,1
5826,26.1143_80.3985,0,1
5827,26.1143_80.3985,1,1
5831,25.6380_81.1662,1,1
5837,26.1556_80.7073,1,1
5841,25.7879_81.6283,1,1
5842,28.4055_80.2985,1,1
5847,26.0379_82.1486,1,1
5855,26.3555_80.3073,0,1
5858,26.0879_80.8661,1,1
5865,26.5379_82.3283,1,1
5884,27.8643_81.1161,1,1
5886,25.7379_81.6161,1,1
5887,27.3055_80.7397,1,1
5892,27.1258_80.8573,1,1
5902,27.6643_79.7283,1,1
5914,28.2967_80.3485,2,1
5917,27.1467_82.2161,2,1
5933,26.9643_80.3161,1,1
5934,26.9643_80.3161,1,1
5941,27.1967_79.6573,0,1
5947,28.0879_80.4897,1,1
5948,27.0144_80.1397,1,1
5951,25.6257_81.2073,0,1
5955,26.3143_81.3897,1,1
5956,25.9879_81.2161,1,1
5962,26.9143_80.2485,0,1
5972,26.8467_81.1662,2,1
5976,26.2967_80.3073,1,1
5984,27.7644_80.7485,1,1
5986,26.0144_80.9073,0,1
5988,25.8555_81.1397,0,1
6002,27.9467_80.1897,1,1
6004,26.7055_79.4985,1,1
6007,26.2143_81.9485,1,1
6017,26.3643_80.1073,0,1
6023,26.7055_81.3573,1,1
6025,25.9879_81.0485,0,1
6031,27.1757_81.1985,1,1
6041,26.0967_80.2161,1,1
6052,26.4467_82.0283,1,1
6056,26.2556_81.7485,1,1
6062,26.5144_80.4485,0,1
6065,27.3643_80.8249,1,1
6069,26.4879_82.0783,1,1
6071,26.4643_81.8397,1,1
6072,27.1967_80.7283,1,1
6077,27.1467_79.4161,2,1
6079,27.1379_81.8161,1,1
6083,26.4257_81.9485,1,1
6084,27.8467_79.9485,1,1
6086,26.7556_82.1897,2,1
6092,27.0555_80.4073,2,1
6095,26.7055_81.0661,1,1
6100,26.2644_81.3485,1,1
6103,27.9968_79.9161,1,1
6105,25.9555_81.6485,1,1
6106,25.9555_81.6485,1,1
6109,26.3467_82.0985,1,1
6111,26.7380_82.4397,1,1
6119,26.7967_79.0897,1,1
6120,25.9144_80.7573,0,1
6131,26.3967_81.5897,1,1
6133,27.1967_82.1662,1,1
6138,27.5967_80.6662,2,1
6145,27.6143_80.1897,1,1
6146,25.8379_81.8661,2,1
6165,27.5467_79.1573,1,1
6166,26.2556_80.3897,0,1
6167,28.1467_79.7661,2,1
6169,27.1967_82.1073,1,1
6170,26.4143_81.7661,1,1
6175,27.1143_79.7573,1,1
6180,26.6967_80.9397,2,1
6182,26.0757_80.6249,1,1
6183,26.6143_80.2397,2,1
6184,26.6143_80.2397,2,1
6186,25.3880_81.2897,0,1
6195,27.3257_82.1397,1,1
6204,26.4143_80.5985,1,1
6206,25.5144_81.2985,1,1
6207,27.4555_81.8485,1,1
6208,27.2055_81.6783,2,1
6209,25.7055_81.6397,1,1
6210,28.3379_80.8161,1,1
6215,26.1644_80.2283,2,1
6218,26.9968_81.1397,0,1
6219,26.7055_81.2485,1,1
6220,26.7055_81.2485,2,1
6236,27.9880_79.7485,2,1
6237,27.2791_79.5661,1,1
6238,25.6055_81.1397,0,1
6249,26.3791_80.8897,2,1
6251,26.6643_80.8283,1,1
6260,27.0144_81.8485,1,1
6265,27.3967_81.1783,1,1
6275,28.1879_80.5661,0,1
6278,27.2967_82.2073,1,1
6282,26.6379_81.7283,1,1
6284,27.6291_82.1897,2,1
6289,26.1967_81.5485,1,1
6291,26.2257_81.0897,1,1
6292,26.8055_81.2161,1,1
6293,27.7468_79.6985,2,1
6298,25.6644_80.1662,1,1
6299,26.6643_81.6397,2,1
6309,26.8555_79.0661,1,1
6311,26.1292_81.5749,1,1
6316,25.8143_81.2073,1,1
6318,25.8555_80.5783,2,1
6319,28.4555_79.8485,1,1
6328,27.7257_79.8985,0,1
6336,26.1644_81.2661,1,1
6345,27.9143_80.8283,0,1
6349,26.5467_82.1283,1,1
6352,27.3291_82.2897,1,1
6357,27.7556_81.8897,1,1
6358,27.7556_81.8897,2,1
6368,27.6757_80.0397,1,1
6378,26.0643_81.0397,1,1
6383,27.7380_82.0573,2,1
6389,26.7257_79.0897,1,1
6394,25.8291_81.5661,1,1
6396,25.4643_81.2161,1,1
6404,25.8757_81.2897,2,1
6417,26.1055_80.9783,2,1
6420,27.7644_80.4661,2,1
6427,26.8143_79.5397,2,1
6438,26.6258_81.5661,1,1
6443,27.5967_80.7985,2,1
6464,27.1757_80.2485,0,1
6474,26.0467_81.8783,1,1
6485,26.0144_81.6397,1,1
6493,27.1379_81.1897,2,1
6504,27.2758_81.3661,1,1
6505,25.8257_81.3397,1,1
6511,26.4555_81.1397,2,1
6513,27.8879_79.2897,0,1
6514,27.8879_79.2897,1,1
6526,26.1556_82.2161,1,1
6534,25.9555_81.9397,1,1
6535,27.6757_80.1397,1,1
6539,28.4467_79.9161,1,1
6540,28.4467_79.9161,1,1
6543,27.7292_80.2485,1,1
6559,27.1143_79.3397,2,1
6562,26.9055_81.4783,2,1
6565,26.2556_82.0897,1,1
6566,26.5467_79.3397,1,1
6570,26.1143_81.1662,1,1
6572,27.7257_80.8985,1,1
6575,27.2967_80.8661,1,1
6579,27.0879_81.0661,2,1
6581,26.4379_81.7397,1,1
6582,26.4379_81.7397,0,1
6585,26.8879_81.1073,1,1
6593,27.0258_80.3985,0,1
6599,25.6644_81.7485,1,1
6600,27.0056_80.5661,2,1
6601,26.4643_81.0397,1,1
6608,26.4643_81.2985,1,1
6619,28.1467_81.3985,1,1
6623,26.3555_79.8397,0,1
6624,26.2879_82.1897,1,1
6635,27.0967_82.4249,1,1
6645,26.6757_79.1897,0,1
6659,27.2556_79.3661,2,1
6665,27.8879_79.7661,1,1
6672,26.2556_82.0397,1,1
6673,26.2556_82.0397,1,1
6674,26.2556_82.0397,1,1
6675,26.2556_82.0397,1,1
6676,26.2556_82.0397,1,1
6681,26.6555_81.3161,1,1
6682,26.6555_81.3161,2,1
6684,26.6379_79.1283,1,1
6689,25.8968_82.0485,1,1
6690,28.2143_79.8485,1,1
6694,25.6879_81.3073,0,1
6695,26.2556_81.5661,2,1
6696,26.2556_81.5661,1,1
6698,26.4143_81.6161,1,1
6699,26.3967_79.7897,1,1
6707,26.7143_79.1485,0,1
6716,27.2879_80.1073,2,1
6719,25.7556_81.5897,1,1
6721,26.7143_81.3485,1,1
6724,26.3555_80.7161,2,1
6728,27.6879_79.7985,1,1
6729,25.9879_81.8073,1,1
6733,26.3967_80.2485,1,1
6735,27.1143_80.7397,2,1
6749,27.2468_82.0161,2,1
6750,26.7556_81.2897,1,1
6752,26.8379_80.8573,1,1
6753,26.8379_80.8573,1,1
6754,26.6967_81.6783,1,1
6758,26.3055_80.9897,1,1
6778,26.0144_81.0073,1,1
6785,26.3879_81.0485,1,1
6790,26.1143_81.7661,1,1
6794,26.6143_82.0897,2,1
6805,27.1143_79.7485,1,1
6806,27.1143_79.7485,1,1
6808,27.8555_80.5573,0,1
6814,27.6791_81.6783,1,1
6817,26.4879_81.6750,1,1
6823,27.5879_80.5573,1,1
6827,27.3758_80.7897,1,1
6834,27.1643_79.1661,0,1
6839,27.8758_81.5897,1,1
6841,26.9257_80.2573,1,1
6842,26.0757_81.5897,1,1
6851,26.0467_81.9573,2,1
6854,27.0879_82.0397,2,1
6856,26.1556_80.1397,1,1
6858,25.4379_81.1897,1,1
6872,26.3379_81.1485,1,1
6889,25.5967_81.1985,1,1
6891,27.0379_82.2073,1,1
6896,27.2644_80.4283,0,1
6899,27.2644_78.8897,2,1
6900,27.2380_81.8573,1,1
6901,27.8879_79.3161,1,1
6902,27.3467_81.8573,1,1
6905,26.8379_81.6161,1,1
6908,26.7257_81.7661,1,1
6913,26.9968_80.4283,2,1
6919,26.1879_80.7161,1,1
6924,26.0879_81.0397,1,1
6928,27.5144_80.3749,2,1
6930,26.8143_81.4573,1,1
6935,27.3257_79.9161,2,1
6939,26.9055_81.9985,1,1
6950,25.7879_81.0897,1,1
6953,26.9055_80.0397,1,1
6954,26.9055_80.0397,1,1
6963,27.1467_82.3485,1,1
6964,27.0555_82.1985,1,1
6967,26.6055_82.2397,2,1
6971,26.6879_80.8161,2,1
6982,27.1467_81.5897,2,1
6993,26.9467_78.8397,2,1
7000,27.3967_79.5485,1,1
7011,27.3879_79.3661,1,1
7012,25.9056_80.9985,1,1
7037,27.1467_81.7161,0,1
7043,27.6879_80.3985,2,1
7044,25.9379_81.4397,1,1
7048,26.8257_81.5397,1,1
7057,27.6055_80.5985,1,1
7060,25.9056_80.6073,0,1
7062,27.7468_81.7485,2,1
7065,26.8879_82.4161,1,1
7069,26.2055_80.6897,1,1
7070,27.7143_80.9073,1,1
7071,27.7143_80.9073,1,1
7075,26.7556_80.2897,2,1
7078,27.0144_82.3485,1,1
7081,25.5144_79.7661,1,1
7082,28.3555_80.9283,1,1
7083,28.3555_80.9283,1,1
7087,26.7143_81.2161,1,1
7089,26.7143_81.2161,1,1
7091,27.2055_80.8397,1,1
7100,25.7967_81.5897,1,1
7101,26.7257_79.1485,1,1
7103,26.8643_81.1161,1,1
7113,27.7257_80.8073,1,1
7143,26.1055_80.3985,1,1
7146,26.2143_81.1662,1,1
7154,27.7644_79.4661,1,1
7157,27.2644_82.2485,1,1
7158,27.2644_82.2485,1,1
7159,27.2644_82.2485,1,1
7160,27.2143_80.0073,1,1
7161,28.0144_81.4661,2,1
7164,27.1055_80.7485,2,1
7165,27.1055_80.7485,2,1
7168,26.5879_79.5897,1,1
7169,26.3379_79.6661,0,1
7170,27.4291_79.8397,1,1
7171,26.1055_81.4485,1,1
7175,27.2556_81.1073,1,1
7176,26.6555_82.0073,2,1
7177,26.0879_81.8783,1,1
7180,26.3055_80.4897,1,1
7187,26.1143_80.9661,1,1
7188,27.7143_79.4485,1,1
7189,27.2468_80.2397,0,1
7190,26.5967_82.2073,1,1
7201,26.9467_79.3161,1,1
7202,25.6879_81.3249,1,1
7205,27.3467_79.4161,2,1
7208,26.5879_82.0573,1,1
7210,26.2556_79.8485,1,1
7211,27.3967_82.2397,1,1
7220,26.1556_81.9573,1,1
7222,26.7257_79.1897,2,1
7224,27.1143_79.7897,2,1
7241,25.7467_81.8573,1,1
7249,27.1143_80.7897,1,1
7252,27.2644_81.5397,1,1
7253,26.6258_81.0985,1,1
7260,27.0791_79.8161,2,1
7265,26.6643_82.0073,1,1
7271,26.3143_82.1486,1,1
7283,28.2758_80.3397,2,1
7289,27.8643_79.3397,1,1
7294,26.1644_81.9485,1,1
7308,26.7644_80.0897,0,1
7310,27.7468_80.5073,1,1
7320,26.5144_79.5897,1,1
7324,26.7143_79.2485,2,1
7325,26.3879_80.9073,1,1
7329,27.4055_79.0749,0,1
7336,28.1967_80.2897,2,1
7340,26.0879_81.3661,1,1
7352,27.5144_79.7161,2,1
7357,25.5879_81.3485,0,1
7361,26.8467_78.8661,1,1
7363,26.7644_81.2985,1,1
7364,26.4555_79.7573,1,1
7368,27.6879_80.0485,1,1
7369,27.6879_80.0485,1,1
7370,28.3644_79.8661,1,1
7375,26.9643_80.9073,1,1
7376,27.3879_79.4897,1,1
7379,26.8967_80.2249,1,1
7382,26.7380_79.0485,1,1
7383,26.7380_79.0485,1,1
7384,25.9555_81.0283,0,1
7391,27.2468_79.4161,2,1
7395,28.0757_79.8485,2,1
7396,28.0757_79.8485,2,1
7401,27.3555_82.3661,1,1
7404,26.7967_81.4897,1,1
7405,27.8143_81.5073,2,1
7407,26.0879_80.5661,0,1
7408,27.6555_80.9162,1,1
7420,27.1967_81.2985,1,1
7421,27.2143_78.9897,1,1
7422,25.7758_81.2985,1,1
7424,25.9757_81.6985,1,1
7440,26.0467_81.7661,2,1
7441,26.0467_81.7661,2,1
7453,26.1556_80.0783,2,1
7466,28.3467_80.2485,1,1
7467,26.3379_81.9985,0,1
7490,26.9643_81.3985,1,1
7500,26.5144_80.8573,1,1
7506,25.5258_81.5897,1,1
7507,27.7380_79.6897,1,1
7508,27.2967_79.8073,1,1
7509,26.5555_81.4283,1,1
7510,26.5555_81.4283,2,1
7511,26.0643_81.9485,1,1
7525,26.5555_80.9283,2,1
7530,27.4757_82.0161,1,1
7536,25.7556_81.7249,1,1
7541,27.6467_82.0573,1,1
7543,27.4643_80.0783,2,1
7548,26.8967_81.8986,1,1
7549,26.3967_81.7573,1,1
7551,26.3967_81.7573,1,1
7552,27.8967_80.6573,1,1
7558,26.5379_81.0397,1,1
7559,25.6556_81.6249,1,1
7567,26.9291_80.2897,1,1
7571,26.2055_80.1283,2,1
7576,26.1967_80.1662,1,1
7578,27.0379_81.3573,2,1
7586,27.3379_79.1661,2,1
7593,27.0555_81.1985,1,1
7595,27.0643_78.9073,0,1
7604,26.3055_82.0073,1,1
7605,27.1467_80.8397,1,1
7606,26.8967_79.3485,0,1
7617,26.6291_80.4661,1,1
7618,28.2257_79.8573,1,1
7620,27.4643_79.4397,0,1
7625,26.9467_81.7661,0,1
7637,25.6967_81.6985,1,1
7638,27.4055_79.8897,1,1
7643,27.0379_80.4073,1,1
7648,27.1967_80.8397,1,1
7657,26.9143_81.6161,1,1
7663,25.9379_81.1485,1,1
7668,28.2556_79.9161,1,1
7669,25.7055_81.6161,2,1
7670,25.7055_81.6161,1,1
7673,25.8643_80.6485,0,1
7674,25.8643_80.6485,1,1
7675,25.8643_80.6485,0,1
7676,26.6643_80.8073,2,1
7680,26.9467_78.8161,1,1
7682,25.7467_81.1783,0,1
7690,27.4880_82.3485,1,1
7691,26.3555_81.3661,1,1
7693,27.4379_82.2161,1,1
7703,25.9144_80.9397,0,1
7704,26.2379_79.7661,0,1
7705,26.2379_79.7661,0,1
7717,27.2468_81.9397,2,1
7723,26.4143_81.5073,1,1
7729,26.6467_82.0397,0,1
7730,27.6467_80.4485,2,1
7737,25.6055_81.6662,1,1
7739,27.7468_81.1397,1,1
7740,27.8143_80.1073,1,1
7743,28.3379_79.5897,0,1
7744,28.3379_79.5897,2,1
7752,27.8555_79.9283,1,1
7753,27.6379_81.6574,1,1
7754,27.3555_79.5897,0,1
7760,27.0879_82.0073,1,1
7770,26.5379_79.9485,1,1
7775,25.9467_81.0897,0,1
7780,26.2644_79.7485,1,1
7781,26.0467_82.1073,1,1
7782,28.2468_79.4397,1,1
7783,27.6143_80.6073,2,1
7784,27.6143_80.6073,1,1
7785,27.4379_79.4283,1,1
7787,27.7143_81.6750,1,1
7789,27.7055_81.5485,2,1
7811,27.1379_80.1985,1,1
7814,27.5879_79.1573,1,1
7819,26.3879_81.2573,1,1
7833,27.1879_82.0485,2,1
7842,27.2967_79.4161,1,1
7851,26.8143_82.2897,1,1
7853,27.3967_81.7897,1,1
7864,27.9643_81.0985,1,1
7870,27.2055_81.6662,2,1
7873,26.4055_81.2573,2,1
7876,27.2055_81.9074,1,1
7886,26.2143_79.7985,0,1
7896,26.7291_81.1073,2,1
7900,25.8467_81.1574,1,1
7902,25.9757_82.0661,2,1
7906,26.6643_81.0283,1,1
7912,26.1143_81.6783,1,1
7914,27.1258_80.9073,1,1
7929,26.2967_81.0985,2,1
7931,26.1644_80.8397,1,1
7932,27.5555_81.7397,2,1
7934,27.1143_79.1397,1,1
7940,26.7055_79.9161,1,1
7941,27.7644_79.4485,1,1
7944,26.2967_80.2573,0,1
7949,25.9757_81.2661,1,1
7954,26.5643_79.2985,1,1
7955,26.0258_81.8485,1,1
7956,27.2380_80.3897,0,1
7966,26.1967_82.1073,1,1
7967,27.1643_80.0573,2,1
7968,27.1643_80.0573,0,1
7972,26.9379_81.0397,2,1
7975,26.4467_80.7783,1,1
7988,26.1644_82.0573,1,1
7989,27.4757_79.9783,1,1
7991,26.2644_81.4985,2,1
7993,26.0791_82.1073,1,1
8004,26.0967_81.6073,1,1
8006,26.2644_80.9250,1,1
8007,27.5555_79.9661,1,1
8008,26.3257_79.6661,2,1
8014,26.8055_81.7573,1,1
8021,26.4757_80.4783,0,1
8024,26.7143_81.1897,2,1
8026,26.7143_81.1897,2,1
8031,26.6055_81.0485,1,1
8034,28.1291_79.6897,2,1
8035,28.4643_79.8783,0,1
8042,27.8379_80.9397,1,1
8047,25.7644_81.7485,1,1
8061,27.5555_80.2661,2,1
8069,26.1758_82.2073,1,1
8073,25.8055_81.0397,1,1
8074,26.1257_81.0573,1,1
8080,26.3143_79.7661,0,1
8081,27.6467_79.7897,2,1
8084,26.3143_79.9397,1,1
8086,27.7644_81.5397,1,1
8087,26.3467_80.5073,1,1
8097,26.5879_82.0161,2,1
8099,26.1468_81.3283,2,1
8108,25.6468_81.1574,1,1
8112,27.3758_80.3397,1,1
8114,26.1556_79.8485,1,1
8115,26.0467_80.5283,1,1
8117,25.9555_81.6897,1,1
8123,25.8880_81.0397,1,1
8124,28.1055_79.8985,1,1
8125,28.1055_79.8985,1,1
8126,27.0467_81.0397,1,1
8133,26.2143_81.4573,1,1
8146,27.7556_79.7985,1,1
8148,27.5879_79.2073,1,1
8153,25.9379_80.4897,1,1
8157,27.2055_82.3485,2,1
8164,26.5967_79.3397,2,1
8165,27.9467_80.1985,2,1
8166,27.1555_80.9073,2,1
8167,27.2758_80.0485,0,1
8173,26.6757_81.0661,1,1
8191,27.5144_79.6073,1,1
8193,27.8143_81.8573,1,1
8203,26.2143_80.0749,1,1
8204,26.2143_80.7485,1,1
8207,27.8758_79.6783,1,1
8213,27.7758_81.7485,1,1
8216,26.7644_81.5661,1,1
8222,27.6467_79.5485,1,1
8223,27.6791_82.2397,1,1
8224,27.0379_79.8897,0,1
8232,26.2379_81.0897,1,1
8234,26.2257_80.7485,1,1
8237,26.1967_79.7661,2,1
8246,26.2879_81.8897,1,1
8249,26.7380_79.0661,1,1
8253,26.1644_81.0985,1,1
8255,25.8643_80.8283,0,1
8257,27.0258_78.7397,2,1
8258,27.0258_78.7397,1,1
8259,27.0258_78.7397,1,1
8271,26.6967_79.0783,0,1
8274,25.9467_80.4897,1,1
8288,25.8143_81.8573,2,1
8291,28.2257_79.5283,1,1
8292,28.2257_79.5283,2,1
8295,27.7257_79.9397,1,1
8314,26.2967_81.1985,1,1
8322,27.8643_79.8661,1,1
8325,26.7758_81.2897,1,1
8336,27.7556_79.6573,2,1
8337,27.7556_79.6573,1,1
8338,27.7556_79.6573,2,1
8339,27.7556_79.6573,1,1
8345,25.7379_81.6073,1,1
8346,25.7379_81.6073,1,1
8358,25.8379_81.8397,1,1
8359,25.8379_81.8397,1,1
8360,25.8379_81.8397,2,1
8364,28.2644_79.8897,2,1
8365,28.2468_79.9397,1,1
8367,27.9555_79.3397,1,1
8368,27.2644_80.6397,2,1
8372,27.8379_80.8161,0,1
8375,27.3467_80.8283,1,1
8380,26.7644_81.5073,2,1
8381,26.5144_81.2573,1,1
8384,27.6143_81.6574,2,1
8385,27.6143_81.6574,2,1
8386,27.2556_79.3985,1,1
8391,26.3055_81.9397,1,1
8394,26.5879_82.3485,1,1
8396,27.4291_78.7985,1,1
8398,25.6468_81.7897,1,1
8399,27.9143_81.6574,1,1
8400,25.8555_81.1897,0,1
8401,27.9880_80.4397,1,1
8406,28.0056_79.9161,1,1
8407,28.0056_79.9161,1,1
8410,26.9467_82.2897,0,1
8418,25.9056_81.9661,0,1
8421,26.7380_82.3897,1,1
8424,25.4879_81.4485,1,1
8427,27.6879_82.1662,1,1
8428,27.6879_82.1662,2,1
8430,27.9055_81.5397,2,1
8437,26.1055_81.8986,1,1
8443,27.6643_79.5573,1,1
8444,27.1467_80.3897,1,1
8445,26.4643_81.0283,1,1
8452,26.5144_80.0397,0,1
8458,26.5555_82.0573,1,1
8464,27.6967_81.8783,1,1
8465,26.9643_81.0485,2,1
8476,27.0643_80.1397,1,1
8479,26.1556_81.6985,1,1
8486,27.3379_82.0573,2,1
8490,26.4291_81.9897,1,1
8493,26.6643_81.7783,2,1
8500,27.5879_80.6985,1,1
8504,27.8758_81.8573,1,1
8508,26.4467_81.5161,1,1
8509,26.4467_81.5161,1,1
8521,26.6291_82.1574,0,1
8522,26.6291_82.1574,2,1
8539,27.5879_80.6573,1,1
8548,27.6143_81.6485,1,1
8550,27.3555_79.6073,1,1
8553,26.6258_81.4749,1,1
8556,25.3379_81.1662,0,1
8557,28.2143_79.4783,0,1
8570,26.5555_80.4162,2,1
8574,27.2055_80.6161,1,1
8576,26.7468_79.0397,1,1
8577,26.7468_79.0397,1,1
8585,26.6467_81.3897,1,1
8588,25.8792_81.0573,0,1
8593,26.2143_79.8073,1,1
8603,27.5467_80.0985,1,1
8609,27.3555_79.9897,2,1
8616,25.5967_81.5073,2,1
8618,26.3879_80.6073,1,1
8623,27.5555_82.1397,1,1
8629,25.8880_82.0073,1,1
8635,26.7380_82.1985,0,1
8636,27.2257_79.5485,0,1
8637,27.6055_80.4073,1,1
8641,28.3379_80.0749,1,1
8642,27.9143_79.5397,1,1
8650,27.5967_79.1397,1,1
8651,27.5967_79.1397,1,1
8664,26.6291_79.2161,0,1
8666,26.4643_79.6897,1,1
8670,27.3758_80.1397,1,1
8671,27.3758_80.1397,1,1
8674,27.4968_79.4397,1,1
8676,26.4879_81.2897,1,1
8678,26.9757_80.5073,2,1
8683,27.9757_79.9985,2,1
8688,27.5144_78.9985,0,1
8703,26.2758_80.3897,1,1
8719,27.4143_82.0897,1,1
8725,26.5056_81.7073,1,1
8726,25.5555_81.2661,1,1
8739,26.1644_80.0661,2,1
8740,27.5555_79.6073,1,1
8750,26.4968_80.5485,0,1
8757,26.0643_81.9074,1,1
8758,27.6967_81.8573,1,1
8759,27.6967_81.8573,1,1
8762,27.1791_80.4073,1,1
8765,27.5643_80.3661,1,1
8767,25.8555_81.4897,1,1
8769,27.8055_81.9397,1,1
8774,26.9643_80.8897,2,1
8786,26.1556_79.7985,1,1
8791,26.9643_81.5897,2,1
8792,27.0643_80.9573,1,1
8800,27.3879_78.8073,1,1
8802,25.9555_80.7783,0,1
8825,26.9143_81.5573,1,1
8831,26.4879_79.4573,1,1
8835,27.1379_79.4897,1,1
8837,27.5056_81.9661,2,1
8838,26.8879_81.1662,1,1
8843,28.2758_79.8073,1,1
8854,27.1258_79.1283,2,1
8858,27.4143_79.5161,1,1
8864,26.8643_80.3397,1,1
8865,26.8643_80.3397,1,1
8867,27.4379_78.9985,1,1
8870,26.6143_80.9573,2,1
8871,26.5056_80.8985,1,1
8875,26.3143_79.6573,1,1
8877,25.8467_80.8397,2,1
8878,25.8467_80.8397,1,1
8879,25.8467_80.8397,1,1
8882,27.5144_81.7897,1,1
8885,26.2879_80.2485,1,1
8886,26.8055_79.1073,1,1
8896,27.6055_78.9573,1,1
8897,26.8643_81.9397,1,1
8907,27.1143_80.7161,1,1
8918,26.4879_82.3485,2,1
8921,28.3379_80.9661,0,1
8922,26.4143_81.3485,1,1
8923,25.6143_80.0661,1,1
8924,25.6143_80.0661,1,1
8933,27.1055_78.7897,1,1
8935,25.5643_81.5073,1,1
8943,25.9879_80.3397,1,1
8955,26.5643_81.6662,0,1
8958,26.4143_82.2783,2,1
8963,26.2644_80.0283,2,1
8968,27.5467_81.6485,2,1
8974,25.9968_81.5897,1,1
8976,27.4555_79.4073,1,1
8977,26.9555_81.3283,2,1
8988,27.5258_81.9074,2,1
8989,26.3257_81.8749,1,1
8990,26.1143_80.5661,1,1
8996,26.2379_82.0485,1,1
9003,26.1644_82.1897,1,1
9004,26.1644_82.1897,1,1
9020,25.8555_80.6161,1,1
9021,25.9056_81.8283,2,1
9038,26.0056_80.6750,1,1
9041,26.8643_79.7485,2,1
9045,26.8967_81.0283,2,1
9048,27.5555_79.3073,2,1
9050,27.1879_81.9162,2,1
9053,27.8791_81.5985,2,1
9084,25.6556_81.6662,1,1
9085,27.2556_81.5661,1,1
9086,26.1644_80.4783,0,1
9095,27.0643_79.1897,1,1
9118,28.3257_79.7985,1,1
9120,26.6879_79.2161,1,1
9126,27.4257_80.4897,2,1
9127,27.2143_80.8073,1,1
9130,26.8055_80.0783,1,1
9147,27.2468_79.9573,1,1
9164,26.2468_80.0485,0,1
9165,27.9555_79.9161,1,1
9173,27.6143_80.8985,1,1
9178,25.5879_81.2783,1,1
9179,27.1467_80.7573,2,1
9190,26.6379_79.2985,1,1
9201,26.7055_80.8073,2,1
9218,26.2379_81.5783,1,1
9225,27.1143_80.7485,2,1
9226,27.1143_80.7485,1,1
9227,27.1143_80.7485,1,1
9230,27.6879_81.8485,2,1
9236,26.2967_80.4985,2,1
9237,27.8643_81.4749,1,1
9247,25.8880_81.2485,1,1
9253,27.1379_79.6985,1,1
9254,25.9643_80.2073,1,1
9257,27.2758_82.2661,1,1
9259,27.9379_80.7985,2,1
9260,27.8643_80.8073,1,1
9273,27.2143_80.8397,1,1
9279,27.1055_80.2661,1,1
9288,26.0379_80.3283,1,1
9292,27.8143_80.4485,1,1
9298,25.8643_81.6161,2,1
9299,25.8467_81.9661,1,1
9314,27.3055_82.3897,1,1
9316,27.3555_81.9485,1,1
9322,26.6055_79.2897,1,1
9323,26.4143_81.0661,2,1
9328,26.1644_79.8161,2,1
9330,27.2143_80.9573,1,1
9331,26.6967_82.0161,2,1
9338,26.9555_81.0397,2,1
9343,26.5879_79.2897,1,1
9349,25.7644_81.9074,1,1
9356,25.7467_80.9485,0,1
9364,27.5643_79.9573,0,1
9368,26.8143_81.7573,1,1
9369,26.8143_81.7573,1,1
9370,26.7143_81.2397,1,1
9371,26.7143_81.2397,1,1
9373,26.6291_81.2897,1,1
9374,27.8758_80.8073,1,1
9382,26.2379_82.1073,1,1
9390,27.5056_80.5749,2,1
9393,27.1379_79.4573,1,1
9394,26.4257_79.5573,1,1
9397,27.5467_81.7783,2,1
9408,27.0144_81.8161,1,1
9409,26.9555_80.8661,2,1
9413,25.5056_81.2897,2,1
9417,27.4143_80.1249,1,1
9419,27.8555_81.6485,1,1
9429,25.3880_81.2573,1,1
9435,26.6467_81.3783,1,1
9440,27.6879_81.8897,1,1
9441,27.9291_81.6073,2,1
9444,26.6467_81.8986,1,1
9445,28.0879_80.4573,1,1
9448,26.6143_81.4485,1,1
9449,25.5379_81.4074,0,1
9451,26.3055_81.8986,1,1
9455,26.4643_81.6662,2,1
9456,26.2879_82.1574,1,1
9457,26.7879_81.5749,1,1
9459,27.1643_80.6897,2,1
9463,27.2644_80.8573,1,1
9464,27.7143_78.9485,1,1
9471,26.3467_80.9485,2,1
9472,27.7967_81.4783,1,1
9474,27.8643_80.7661,1,1
9475,26.8055_81.4897,1,1
9478,26.2468_80.9397,1,1
9480,26.2791_81.9485,1,1
9488,26.6643_81.6662,1,1
9491,27.1258_80.7485,1,1
9498,27.4143_79.4985,1,1
9503,26.4143_80.1283,0,1
9504,27.4379_80.3661,1,1
9510,26.6879_79.3985,1,1
9514,27.5379_80.5397,2,1
9516,25.6143_81.6574,1,1
9519,27.7055_80.6485,1,1
9527,27.3379_81.4897,1,1
9529,25.6257_81.3073,0,1
9538,25.8143_80.7573,0,1
9539,25.8143_80.7573,1,1
9548,27.5643_79.3397,2,1
9557,26.1556_80.0073,2,1
9561,28.2644_79.7573,1,1
9563,27.1143_79.0897,0,1
9567,28.1555_80.4573,2,1
9569,25.9379_80.4985,1,1
9577,26.8643_81.9573,1,1
9578,25.7257_81.3397,0,1
9584,26.9257_82.3985,2,1
9587,26.4379_80.7161,1,1
9589,26.8879_79.0161,1,1
9600,25.8055_79.8397,1,1
9601,26.2055_82.1161,1,1
9602,27.1258_79.8485,2,1
9603,26.0056_81.8986,2,1
9607,28.0879_80.5283,0,1
9609,27.5879_78.9985,1,1
9613,27.1879_80.3661,1,1
9617,26.8758_81.1397,2,1
9620,28.2556_79.4485,0,1
9621,28.2556_79.4485,1,1
9622,28.2556_79.4485,2,1
9623,28.2556_79.4485,1,1
9625,27.1055_79.5397,1,1
9628,26.6143_80.9485,2,1
9632,27.7967_80.7661,2,1
9634,28.1879_79.8397,1,1
9637,26.1468_81.3485,1,1
9639,27.3555_79.8283,1,1
9645,26.5555_80.3897,2,1
9656,27.0379_81.3783,2,1
9664,26.4055_79.7485,2,1
9665,27.1258_81.1985,2,1
9675,25.5379_81.3283,1,1
9685,27.1143_78.7573,1,1
9694,26.2055_80.2661,2,1
9696,25.8379_81.2161,1,1
9697,25.5467_81.2397,1,1
9699,25.6143_81.3073,1,1
9705,26.9643_78.8161,0,1
9706,26.9643_78.8161,1,1
9712,25.4643_81.4250,1,1
9714,27.9143_80.5073,1,1
9718,26.0144_80.6397,2,1
9728,27.2055_80.2749,2,1
9729,26.7143_80.9162,2,1
9736,27.4643_82.0073,2,1
9746,26.4968_82.2397,2,1
9747,28.3467_79.7397,1,1
9750,26.9143_81.3397,1,1
9754,26.0379_81.9897,1,1
9756,26.6379_81.1485,1,1
9758,27.5967_78.8783,1,1
9765,26.8967_82.0283,1,1
9773,27.6879_80.4783,1,1
9775,25.8880_81.9397,2,1
9781,25.9968_81.6897,1,1
9786,25.8143_80.6662,2,1
9789,26.7644_81.4985,2,1
9792,27.4968_79.4985,1,1
9793,27.4968_79.4985,1,1
9800,26.9555_80.2985,1,1
9802,27.1143_79.7161,2,1
9803,26.7380_81.1397,2,1
9818,26.6143_80.6161,0,1
9819,27.0643_82.0397,1,1
9821,26.8555_78.9397,1,1
9841,27.5879_80.4783,2,1
9842,27.2380_79.3897,0,1
9849,27.5555_81.6397,2,1
9865,25.8880_81.4573,1,1
9879,26.6757_81.2573,1,1
9885,26.7879_81.5985,1,1
9901,26.0643_81.9749,2,1
9905,25.7556_81.3249,1,1
9906,27.2380_79.4661,2,1
9908,27.6879_79.9985,1,1
9916,26.4968_80.6985,1,1
9921,27.9143_80.8397,1,1
9926,27.3967_79.5985,0,1
9936,26.2468_80.0985,0,1
9948,28.1555_79.8485,1,1
9949,28.1555_79.8485,1,1
9953,27.4143_79.8397,1,1
9955,28.2468_79.5573,1,1
9956,26.6143_80.4661,1,1
9959,27.2380_79.5573,1,1
9961,26.3467_80.7783,1,1
9962,27.1643_78.9985,2,1
9967,26.2644_82.2161,2,1
9970,25.8055_81.7661,2,1
9977,25.9379_81.2749,2,1
9978,27.4555_79.4661,1,1
9979,26.6643_81.4162,1,1
9993,26.4143_79.5397,2,1
9997,28.0757_80.4661,0,1
10015,26.7257_81.1574,2,1
10020,26.2967_79.7661,1,1
10024,26.8879_82.4573,0,1
10026,26.5144_80.4573,0,1
10031,26.9257_81.3897,2,1
10035,27.7556_81.7573,1,1
10041,27.2380_82.1574,1,1
10050,27.4968_80.1485,1,1
10053,26.8967_81.0397,2,1
10062,26.1143_81.6985,2,1
10064,27.1055_81.3485,1,1
10065,28.2879_79.7897,1,1
10069,25.3792_81.3161,0,1
10074,26.8379_81.5485,1,1
10079,25.7967_81.9485,1,1
10085,28.4143_80.2985,2,1
10094,26.6467_79.6897,1,1
10096,26.3643_81.8749,1,1
10097,26.3643_81.8749,2,1
10098,26.6555_80.8985,1,1
10109,25.5291_81.3249,1,1
10110,25.9555_80.7161,1,1
10111,25.9379_80.7161,1,1
10112,26.5555_79.3073,1,1
10113,27.4880_79.6485,0,1
10115,27.6643_82.2073,2,1
10117,27.0467_81.7573,1,1
10122,26.7257_81.0661,2,1
10125,27.2143_81.5661,2,1
10128,26.0144_81.8661,1,1
10133,27.0467_82.1574,2,1
10135,26.9757_79.2783,2,1
10139,26.8758_81.9283,1,1
10141,26.3967_81.9485,1,1
10151,26.1644_80.1485,0,1
10154,27.9880_79.6661,1,1
10155,27.0643_80.9485,1,1
10156,26.9379_81.5897,2,1
10158,27.0967_82.0397,0,1
10160,26.1556_81.1897,1,1
10161,27.5056_79.4397,2,1
10162,25.9643_81.0573,0,1
10164,26.4555_80.1985,1,1
10173,27.4055_78.9661,1,1
10174,27.4055_78.9661,0,1
10178,27.1967_81.5397,1,1
10184,27.6879_81.5573,2,1
10185,26.3643_79.6485,1,1
10189,25.6468_81.1662,1,1
10198,27.9379_81.4661,2,1
10212,27.7879_79.4749,1,1
10214,26.6879_80.7897,2,1
10215,26.6879_80.7897,1,1
10223,25.8643_80.9397,1,1
10233,26.2379_82.2485,1,1
10253,26.2379_81.3161,1,1
10254,27.1467_81.2397,0,1
10258,27.0555_80.2485,2,1
10259,26.9055_81.8986,1,1
10260,26.6555_80.7073,1,1
10262,27.2644_81.6161,2,1
10273,27.7143_82.0985,1,1
10276,26.4968_80.6897,1,1
10281,27.2556_79.5283,2,1
10298,26.3055_81.9074,0,1
10304,26.1468_81.3661,1,1
10317,27.0643_78.8283,1,1
10323,27.1643_79.5161,1,1
10324,27.1643_79.5161,0,1
10325,26.9555_82.3283,1,1
10331,26.9467_82.3073,1,1
10339,28.4555_79.8283,2,1
10345,26.6379_80.4573,2,1
10351,28.1555_79.3661,2,1
10354,26.1468_80.1485,1,1
10362,26.3467_81.9573,1,1
10363,27.0056_81.4749,1,1
10365,27.1757_81.7661,1,1
10374,27.2644_81.0485,2,1
10377,27.5056_79.0897,0,1
10383,27.7879_80.3573,2,1
10389,26.2644_80.9397,1,1
10390,26.2644_80.9397,1,1
10393,26.4291_82.0161,1,1
10399,25.5056_81.4783,1,1
10413,26.8055_81.4985,1,1
10416,26.9880_80.4397,0,1
10418,26.5967_79.2661,2,1
10429,26.0879_80.5485,1,1
10436,27.5056_81.9783,1,1
10442,26.1257_81.8283,2,1
10448,28.4467_79.8485,0,1
10449,27.6055_79.1283,1,1
10456,28.2879_80.3073,1,1
10460,26.6055_79.3397,0,1
10467,27.2879_82.0249,1,1
10470,26.1556_81.8986,1,1
10476,25.9643_80.7897,1,1
10492,25.7467_81.7573,1,1
10494,27.6143_78.8783,0,1
10500,27.7143_80.1897,1,1
10507,27.8791_81.4661,2,1
10537,26.1055_81.8897,1,1
10541,25.3880_81.2485,0,1
10547,26.5144_82.3485,1,1
10549,26.1644_79.9897,1,1
10550,26.1644_79.9897,0,1
10554,26.9467_81.0397,2,1
10559,27.9643_81.1073,1,1
10560,25.7967_81.9661,1,1
10563,26.3555_80.3897,0,1
10564,26.3555_80.3897,2,1
10566,26.5144_81.4162,1,1
10576,28.5379_80.1397,1,1
10582,26.5056_82.3897,1,1
10583,26.5056_82.3897,2,1
10587,25.9643_79.4397,2,1
10589,26.2758_81.0485,2,1
10593,26.9968_79.2573,2,1
10611,27.2644_79.5573,1,1
10619,26.8643_81.1397,1,1
10625,27.9257_81.6283,1,1
10631,26.6467_79.1397,1,1
10654,25.9056_82.0661,2,1
10658,26.9968_81.8161,1,1
10663,27.8758_79.8749,2,1
10664,26.7879_81.1073,1,1
10667,28.0879_80.0397,2,1
10676,26.3143_81.5573,1,1
10680,26.3967_81.0661,1,1
10691,26.9143_79.2985,1,1
10692,27.4467_82.2573,1,1
10705,27.2143_80.7161,1,1
10707,25.8467_81.6161,1,1
10709,26.9555_79.9485,1,1
10711,26.0379_81.7661,1,1
10715,26.4143_79.5573,1,1
10716,26.4143_79.5573,1,1
10719,26.4555_81.8485,1,1
10720,26.4555_81.8485,1,1
10722,27.3055_79.2397,0,1
10725,26.5291_81.7661,1,1
10727,26.9643_81.2161,1,1
10731,26.9257_78.8661,2,1
10734,27.0056_79.7397,2,1
10737,27.1379_79.8573,2,1
10740,26.9968_79.8161,1,1
10741,26.9968_79.8161,1,1
10742,25.8880_80.6573,2,1
10746,26.8643_79.9485,2,1
10755,27.6967_81.5397,1,1
10756,26.9643_79.3897,2,1
10758,25.8143_81.5161,1,1
10761,27.3758_81.1897,0,1
10763,27.1879_80.0485,1,1
10764,25.4879_81.2749,1,1
10768,26.2055_81.8897,2,1
10775,26.6379_79.1397,2,1
10776,27.7556_79.6661,1,1
10778,26.5967_81.6397,1,1
10780,26.9467_81.2249,1,1
10799,26.9467_81.5897,1,1
10800,27.8467_80.2749,2,1
10801,26.0555_81.6397,1,1
10807,27.9143_80.2397,1,1
10809,26.1967_81.0283,1,1
10810,28.2644_80.2985,1,1
10811,28.2644_80.2985,2,1
10816,26.0555_81.5397,1,1
10821,26.8143_81.5161,1,1
10835,26.2879_79.7749,1,1
10842,28.2758_80.3073,2,1
10843,27.6879_80.4162,2,1
10844,26.7468_81.4985,1,1
10845,26.7468_81.4985,1,1
10848,27.5056_80.0073,1,1
10853,26.2468_81.2985,1,1
10855,26.1143_81.6662,2,1
10858,27.2143_81.5573,1,1
10864,26.0757_81.0897,1,1
10870,26.5379_82.0985,1,1
10874,28.1379_79.7073,1,1
10883,26.5967_79.3897,0,1
10884,26.5967_79.3897,1,1
10886,26.6643_82.1574,2,1
10889,26.7758_80.1161,2,1
10892,25.7379_81.0783,1,1
10900,27.6467_79.5397,1,1
10906,26.7380_79.0397,1,1
10910,26.2055_79.8161,1,1
10915,27.1757_80.6985,2,1
10916,27.1757_80.6985,1,1
10917,27.1757_80.6985,2,1
10918,27.6757_80.6485,1,1
10919,27.6643_80.9073,2,1
10925,26.7143_80.9573,2,1
10927,26.7143_80.9573,2,1
10929,25.8643_80.6161,1,1
10934,26.3967_81.7985,1,1
10936,27.6055_80.7397,2,1
10946,27.9257_80.7897,1,1
10947,26.0757_80.6485,1,1
10949,27.0144_81.8897,1,1
10954,27.6555_80.8397,1,1
10955,27.3379_82.0161,2,1
10958,26.2644_82.0573,1,1
10962,26.0879_82.0985,1,1
10967,27.1467_81.0897,2,1
10972,26.6879_81.0573,1,1
10973,26.6879_81.0573,2,1
10981,27.3055_79.0985,0,1
10984,27.2055_78.7985,2,1
10991,26.7257_79.2073,0,1
10994,26.2644_81.5661,1,1
11007,26.9055_81.0073,0,1
11008,25.9467_81.2573,2,1
11009,27.1143_79.0397,1,1
11010,27.1879_82.1783,1,1
11011,27.3758_80.3573,1,1
11013,25.8757_80.6485,1,1
11014,25.8757_80.6485,2,1
11015,25.8757_80.6485,0,1
11018,27.7758_81.5397,2,1
11020,26.7380_81.1574,2,1
11028,27.8467_79.9283,2,1
11031,26.7879_82.3897,1,1
11032,28.2967_79.8485,1,1
11039,25.8968_80.5985,1,1
11049,27.3055_79.1985,0,1
11056,26.1879_79.8283,0,1
11059,27.8291_81.1897,1,1
11060,27.0144_82.3897,1,1
11064,25.8968_80.7985,1,1
11066,26.3967_82.0985,1,1
11070,27.1291_81.7397,2,1
11076,26.8879_78.9161,2,1
11078,28.4055_80.2573,1,1
11083,26.2291_82.1161,1,1
11086,27.0555_82.4161,1,1
11088,26.5879_81.7661,0,1
11089,26.7055_80.1485,1,1
11096,26.3467_82.1662,1,1
11106,25.7467_80.7485,1,1
11138,28.1879_79.6283,2,1
11143,25.9555_82.0283,1,1
11146,27.4055_80.1897,1,1
11147,28.2380_80.6397,1,1
11149,26.3143_80.4250,0,1
11151,27.8257_79.8161,2,1
11152,27.3555_81.8986,1,1
11153,26.2257_81.5749,1,1
11156,26.6055_82.1897,2,1
11158,26.6143_82.1283,2,1
11159,27.3967_79.1161,0,1
11161,26.3379_82.1161,1,1
11164,27.0144_78.7485,1,1
11171,27.0555_81.4074,1,1
11173,25.8055_81.5985,1,1
11175,27.4379_80.5485,1,1
11176,26.6643_80.2249,0,1
11177,27.0056_81.8073,2,1
11178,26.8758_81.2073,2,1
11179,28.1643_80.6073,0,1
11180,27.4643_79.2661,2,1
11186,26.8467_81.4485,2,1
11188,25.9555_80.4162,1,1
11189,25.9555_80.4162,1,1
11202,26.8555_80.3397,1,1
11208,25.9467_81.2397,1,1
11209,28.1967_79.5485,1,1
11211,27.9467_80.2073,2,1
11213,25.4643_81.3897,1,1
11215,27.6643_81.6073,1,1
11219,27.2556_81.1397,2,1
11224,27.0757_80.4985,1,1
11228,25.3968_81.2485,1,1
11245,26.1758_79.7897,1,1
11247,27.4143_81.0397,1,1
11251,27.6143_81.6397,1,1
11254,27.2967_79.5397,1,1
11269,27.6143_82.0897,1,1
11270,27.8467_79.4283,1,1
11275,27.1258_80.7161,1,1
11279,27.5258_80.0485,2,1
11283,26.3467_80.3573,1,1
11287,26.2644_80.1985,0,1
11289,26.4055_81.4573,1,1
11305,28.2143_79.5283,0,1
11308,26.3467_81.8897,2,1
11310,25.6468_80.0897,1,1
11311,26.4467_82.1662,2,1
11317,27.7644_80.2397,1,1
11319,26.5879_81.5897,1,1
