label_id,patch_id,class,n_patches
2,29.9926_71.1351,1,4
5,31.5041_73.3439,1,4
16,30.2338_73.0851,2,4
18,30.4541_72.5527,1,4
23,31.4162_72.9175,1,4
27,29.9163_71.5263,1,4
29,31.0163_74.0061,1,4
34,30.2540_71.3027,1,4
35,31.4162_72.6263,1,4
43,29.5574_71.6351,1,4
44,29.5662_71.1561,2,4
45,29.5662_71.1561,2,4
46,30.9075_72.7351,1,4
47,31.3751_73.4061,2,4
48,30.5251_72.1263,2,4
50,30.8041_73.4851,1,4
71,30.1074_71.5939,1,6
72,30.1074_71.5939,2,6
87,30.4339_73.7061,1,4
90,30.7663_73.3028,1,4
93,30.8162_73.5263,1,4
94,29.5838_71.9264,1,4
96,29.7575_72.1061,1,4
97,30.0075_71.1675,1,4
104,31.0339_72.5527,1,4
108,30.9662_72.4351,1,4
111,30.1040_72.5175,1,4
113,31.1251_72.6061,2,4
115,29.8041_71.4027,1,4
119,30.9838_73.9027,1,4
120,30.5574_72.4351,1,4
124,30.7250_72.3027,1,4
129,31.5339_73.0528,1,5
138,30.2250_71.5527,1,4
143,30.1575_72.6351,1,4
144,30.1575_72.6351,1,4
149,30.4574_72.7527,1,4
150,31.2839_72.3351,1,4
167,31.1162_72.4027,1,4
169,29.4574_70.9561,1,4
170,29.4574_70.9561,1,4
172,31.3074_73.0439,1,6
173,31.3074_73.0439,1,4
175,30.8074_73.1763,2,4
176,30.8074_73.1763,1,4
180,29.8540_72.8351,1,4
183,31.0163_73.8675,1,4
184,29.5541_71.9528,1,4
188,30.5838_71.9264,1,4
189,29.6751_72.6763,1,4
190,31.0339_73.8263,1,4
192,30.5838_71.9352,1,4
195,30.5251_72.2175,1,4
200,30.6040_73.3561,1,4
209,30.1339_72.3561,1,4
212,30.3338_72.3175,1,4
214,30.7575_73.7940,1,4
215,30.5163_72.2851,2,4
216,30.0040_70.6852,1,4
227,30.0541_72.1940,1,4
228,29.6541_71.9175,1,4
229,30.3750_73.5528,2,4
241,31.0163_73.9675,1,4
250,30.7162_72.3027,1,4
252,30.1541_73.5528,1,4
253,30.4251_72.6561,1,4
255,29.7751_72.5527,1,4
256,31.1162_73.7439,1,6
260,29.6575_71.5527,1,4
261,32.2338_72.3027,1,4
262,32.2338_72.3027,1,4
269,31.5574_73.7027,1,4
270,31.1575_72.1027,1,4
271,31.1575_72.1027,1,4
275,29.9574_71.4528,1,4
276,29.9574_71.4528,1,4
279,31.5041_73.0528,1,4
280,30.4427_73.7061,1,4
284,30.8540_74.0175,1,4
285,30.8540_74.0175,1,4
287,30.0574_73.1939,1,4
294,30.7162_72.0527,1,4
296,29.8839_71.2851,1,4
299,29.8074_71.4440,1,4
301,30.3839_72.3561,1,4
306,31.0251_73.8263,1,4
312,29.4541_70.9528,1,4
313,29.4541_70.9528,1,4
317,30.4750_72.7263,1,4
318,30.4750_72.7263,1,4
319,29.5040_71.7263,1,4
321,29.5040_71.7263,1,4
322,31.4574_73.2439,1,4
323,31.4574_73.2439,1,4
326,31.3751_73.1061,1,4
333,30.1839_72.7027,1,4
334,30.1839_72.7027,1,4
335,30.1839_72.7027,1,4
338,31.6662_71.0527,1,4
341,30.0838_72.7527,1,4
344,30.1575_72.1561,1,4
349,30.7575_72.0561,1,4
350,30.7575_72.0561,2,4
352,30.3426_71.8061,2,4
358,30.9662_73.8175,1,4
359,31.0163_72.7061,1,4
360,29.9574_71.3351,1,4
361,29.9574_71.3351,1,4
363,29.9574_71.3351,1,4
365,29.8074_71.5527,1,4
380,30.2426_73.0851,2,4
383,30.9075_72.4061,1,4
385,30.9750_72.4263,1,4
387,30.0163_71.1852,1,4
388,30.0163_71.1852,1,4
389,30.0163_71.1852,1,4
401,29.9075_71.1527,1,4
405,30.6541_72.6351,1,4
409,31.9074_72.8439,1,4
410,30.5339_72.7175,1,4
411,30.5339_72.7175,1,4
414,30.9541_70.6852,1,4
416,30.2575_73.6763,1,4
420,29.4750_71.4561,1,4
424,31.2074_72.6439,2,5
425,31.2074_72.6439,2,4
429,30.8540_74.0027,1,4
435,32.0541_72.4763,1,4
439,30.7663_70.6561,1,4
448,30.4750_72.7351,1,4
449,30.4750_72.7351,1,4
455,29.2426_71.3939,1,4
456,29.2426_71.3939,1,4
460,29.8074_71.8561,1,4
468,31.5662_71.0263,1,4
473,31.0040_73.7561,1,6
478,32.2074_71.3027,1,4
493,31.9074_72.3061,2,4
502,30.1663_71.6675,1,4
506,29.8662_71.1027,1,4
507,30.6162_72.8527,1,4
508,30.3540_71.5561,1,4
511,31.7541_71.1027,1,4
513,32.2338_72.3061,1,4
514,32.2338_72.3061,1,4
517,29.8574_71.5561,1,4
518,30.5574_70.9263,1,4
519,30.5574_70.9263,1,4
520,30.0251_72.3763,1,4
530,29.8540_72.7851,1,4
531,30.4339_73.7175,1,4
535,29.2540_71.3439,1,4
537,30.8074_71.8561,1,4
538,30.8074_71.8561,1,4
539,32.2162_71.8561,1,4
544,31.0541_72.9263,1,4
546,30.9926_72.0027,1,4
547,29.8750_71.9264,1,4
552,31.2426_70.9528,1,4
553,29.8162_71.4264,1,4
555,30.9926_73.9027,1,4
558,31.0075_73.9527,1,4
560,31.4162_73.2175,2,4
562,31.8162_72.7851,1,4
563,31.8162_72.7851,1,4
565,30.1541_72.4851,1,4
566,30.5926_73.1263,1,4
568,31.2663_72.3527,1,4
572,32.1075_73.0939,1,4
574,31.2839_72.3763,1,4
576,31.2338_73.6175,1,4
577,31.4162_72.6351,1,4
583,29.7663_72.7027,1,4
593,31.9162_73.0528,1,4
597,30.0574_72.5351,1,4
598,30.0574_72.5351,1,4
604,30.7575_71.8027,1,4
605,30.7162_72.3061,1,4
606,31.7074_73.4439,1,4
608,31.4838_73.3561,1,4
611,30.4075_72.8027,1,4
612,30.4075_72.8027,1,4
614,30.4251_72.3439,1,4
615,30.1663_72.7439,1,4
617,30.9541_70.6940,2,4
618,30.9541_70.6940,1,4
619,30.4075_72.2527,1,4
629,30.3250_72.3175,1,4
632,29.6250_71.9528,1,4
639,30.9838_72.4763,2,4
646,30.9251_73.8263,2,4
647,30.3338_71.8027,2,4
648,31.5041_73.3061,1,4
649,31.5041_73.3061,1,4
650,30.3074_73.8527,1,4
654,29.9041_72.3527,1,4
655,30.4926_70.9528,1,4
662,30.8074_72.3439,1,4
665,30.4251_72.6527,1,4
667,30.5040_73.3263,1,4
668,30.0339_72.4351,1,4
669,30.2540_72.4527,1,4
670,30.2540_72.4527,1,4
672,29.6074_72.2351,1,4
675,31.0574_72.7527,1,4
680,30.5040_72.2439,1,4
682,29.2575_72.5939,1,6
689,30.1040_71.4352,1,4
690,30.1040_71.4352,1,4
694,30.4926_73.5528,1,4
700,31.9540_71.7851,1,4
701,32.2927_71.4561,1,4
715,29.9075_70.6175,1,4
719,32.2839_71.4561,1,4
721,29.2575_71.5527,1,4
722,32.2751_72.4439,1,4
723,32.2751_72.4439,1,4
728,31.3927_72.4027,1,4
729,29.6839_72.6763,1,4
731,31.5251_73.0528,1,4
732,32.2663_72.3175,2,4
735,30.7074_72.4675,1,4
736,31.1162_73.9351,1,4
737,29.5574_71.9561,1,4
746,30.4574_72.0351,1,4
747,29.9339_70.6527,1,4
751,31.8250_72.7851,1,4
752,31.8250_72.7851,1,4
758,31.1541_73.3561,2,4
768,29.9163_70.6561,1,4
769,30.3338_72.3263,1,4
771,32.1251_71.2439,1,5
772,32.1251_71.2439,1,4
779,32.1750_71.4061,1,4
781,30.5662_70.9440,1,4
786,30.1339_72.6527,1,4
796,32.2074_72.2527,2,4
797,31.3162_72.6263,1,4
810,31.4250_72.4439,1,4
812,29.4251_71.7561,1,4
815,30.8540_73.7263,1,4
816,30.8540_73.7263,2,4
819,32.0339_72.5763,1,4
822,32.0339_72.5763,1,4
828,29.5574_71.1527,2,4
829,29.5574_71.1527,2,4
834,29.8338_72.8061,1,4
836,29.8574_70.5351,1,4
844,31.9926_72.5527,1,4
853,31.8751_71.1351,1,4
858,32.1040_73.0851,1,4
865,29.6074_71.6027,1,4
872,29.9041_70.6675,1,4
874,31.4540_72.6175,1,4
880,30.8839_71.8675,1,4
885,32.1251_71.2527,1,4
886,32.1251_71.2527,1,4
888,31.4926_73.1561,1,4
894,29.8074_71.8175,1,4
895,32.2751_72.9175,1,4
897,30.4574_73.2263,1,4
900,30.2575_73.6939,1,4
903,29.5541_71.3561,1,4
908,30.1162_72.8527,1,4
911,31.0251_73.8175,1,4
912,30.6541_73.5528,1,4
920,30.2426_72.3561,1,4
925,29.9541_71.6764,1,4
926,31.4574_73.2527,1,4
927,29.6162_71.8675,1,4
928,31.0075_73.7351,1,4
929,31.0075_73.7351,1,4
930,31.0075_73.7351,1,4
940,30.5838_70.9440,1,4
941,29.7426_71.4851,1,4
945,30.4339_72.3561,1,4
949,32.0574_72.3561,1,4
953,31.3751_73.0351,1,4
958,32.3663_72.6439,1,4
963,30.3338_71.6263,1,4
968,31.3839_73.1851,1,4
969,31.3839_73.1851,1,4
977,30.6575_73.2027,1,4
978,31.8751_71.1263,1,4
982,31.3540_72.9027,1,4
984,29.6839_71.2527,1,4
994,31.0574_72.6027,1,5
1002,29.6541_71.9561,1,4
1006,31.0040_73.1175,1,4
1007,30.0075_71.7175,1,4
1009,29.8074_72.6027,1,4
1013,30.6040_73.1851,2,4
1018,29.6575_71.9175,1,4
1024,31.1839_72.5939,1,4
1025,30.4075_73.1061,1,4
1031,31.2041_73.9675,1,4
1035,30.9926_72.4763,2,4
1043,29.9838_71.8527,1,4
1049,30.5750_73.8527,2,5
1055,29.5251_71.6561,1,4
1058,32.2839_72.5763,1,4
1059,30.0750_71.0175,1,4
1064,30.0251_70.9561,1,4
1065,32.3575_72.6439,1,4
1072,29.7663_72.7061,1,4
1073,31.4540_73.2439,1,4
1074,31.4540_73.2439,1,4
1077,30.9662_72.4263,1,4
1081,31.9540_72.4527,1,4
1086,31.9250_72.8851,1,4
1088,29.9041_71.1439,1,4
1090,30.8927_72.9351,1,4
1095,30.9041_71.8027,1,4
1098,30.2540_73.6939,1,4
1100,29.2250_72.3527,1,4
1107,29.7751_72.7061,1,4
1116,31.7663_72.9061,1,4
1120,29.8074_71.5561,1,4
1121,31.9250_72.8763,1,4
1124,30.0662_71.5027,1,4
1129,30.2575_71.3027,1,4
1133,29.6040_71.9528,1,4
1134,29.9075_72.3527,1,4
1136,30.6575_73.0175,1,4
1140,29.5251_71.8175,1,4
1142,29.5541_71.2061,1,4
1144,29.7041_71.6764,1,4
1150,29.8041_71.8527,1,4
1155,30.4041_71.8763,1,4
1166,29.9541_71.3527,1,4
1171,31.7575_72.4527,1,4
1172,31.3041_73.0351,2,4
1177,31.0163_73.9061,1,4
1183,31.4162_73.2061,1,4
1185,30.5750_71.9264,1,4
1190,30.7540_73.8028,1,4
1204,29.8662_72.0061,1,4
1208,31.2541_73.4527,1,4
1209,32.1574_73.0061,1,4
1217,30.1751_72.7351,1,4
1221,30.5838_73.1263,1,4
1222,31.9574_71.7763,1,4
1223,31.9574_71.7763,1,4
1224,30.5541_72.8351,1,4
1225,30.5541_72.8351,1,4
1227,31.3540_73.3061,2,4
1236,31.2575_73.5439,1,4
1237,31.4662_73.0439,1,4
1238,31.4662_73.0439,1,4
1239,31.1839_73.8763,2,4
1240,31.1839_73.8763,2,4
1244,30.1541_73.1061,1,4
1245,30.1541_73.1061,1,4
1246,30.1541_73.1061,1,4
1251,30.0574_73.1527,1,5
1252,30.0574_73.1527,1,4
1261,30.0075_70.6852,1,4
1267,31.2426_72.3027,1,4
1269,29.9750_71.9851,1,4
1273,30.7041_72.0561,1,4
1274,30.7041_72.0561,1,4
1275,30.3662_72.3763,1,4
1281,31.4574_72.6263,1,4
1283,31.2338_70.9352,1,4
1284,29.5574_71.3763,1,4
1293,31.1541_72.3763,1,4
1295,31.4662_71.0061,1,4
1296,31.3338_73.3527,1,4
1306,30.7074_72.5527,1,4
1320,30.0251_70.7028,1,4
1321,31.0040_73.7351,1,4
1322,31.0040_73.7351,1,4
1323,31.0040_73.7351,1,4
1325,30.9075_70.9851,1,4
1328,29.7663_72.4027,1,4
1331,31.8540_71.1175,1,4
1332,31.6040_73.7061,1,4
1334,30.0251_72.3675,1,4
1336,30.5662_70.9175,1,4
1337,30.0541_71.1852,1,4
1340,30.0574_71.4939,1,4
1341,30.1074_72.5351,1,4
1342,29.8574_72.7763,1,4
1346,29.8927_72.5527,1,4
1350,31.0838_73.1351,1,4
1355,30.9427_70.9561,1,4
1356,30.9427_70.9561,1,4
1357,30.9427_70.9561,1,4
1363,30.0750_71.0763,1,4
1364,30.0750_71.0763,1,4
1366,31.4162_72.4351,1,4
1368,31.7751_72.9027,1,4
1372,31.1751_72.3561,1,4
1373,31.1751_72.3561,1,4
1384,31.3540_73.1263,1,4
1385,31.3540_73.1263,1,4
1386,29.5251_71.6061,1,4
1387,29.5251_71.6061,1,4
1389,31.2162_72.3527,1,4
1395,31.1162_72.0351,1,4
1396,31.3574_72.8439,1,4
1397,31.3574_72.8439,1,4
1398,30.9574_73.3061,1,4
1399,31.0075_73.4939,1,5
1400,31.1339_73.5061,2,4
1405,29.7074_71.6675,1,4
1406,29.6839_71.3561,1,4
1414,31.3751_73.1027,1,4
1417,31.9041_72.8527,1,4
1424,31.4041_73.5263,1,4
1427,31.6040_73.6939,1,4
1428,31.6040_73.6939,1,6
1431,30.0541_73.1527,1,5
1435,31.4574_71.0061,1,4
1438,30.1074_72.5175,1,4
1439,30.6751_71.7263,1,4
1440,30.6751_71.7263,1,4
1441,29.5075_71.7351,1,4
1447,30.0541_71.4851,1,4
1448,29.8074_71.4061,1,4
1449,31.1751_72.2527,1,4
1452,30.5838_70.9352,1,4
1456,31.2426_72.2939,1,4
1460,30.9075_70.9939,1,4
1462,30.4075_72.2439,1,4
1467,31.2426_72.3061,1,4
1470,30.0075_72.7763,1,4
1483,30.4075_73.0351,2,4
1484,30.4075_73.0351,1,4
1485,30.4075_73.0351,1,4
1490,29.8540_71.5561,1,4
1497,30.5662_72.4351,1,4
1506,30.0040_71.1852,1,4
1523,30.2041_70.9561,1,4
1524,30.2041_70.9561,1,4
1528,29.9541_73.0439,1,4
1529,31.5075_73.3028,1,4
1530,31.5075_73.3028,1,4
1535,31.2839_72.3675,1,4
1538,30.0662_71.0263,1,4
1542,29.2338_71.3939,1,4
1543,29.2338_71.3939,1,4
1547,29.7839_71.0527,1,4
1549,29.4339_71.7561,1,4
1550,30.7575_72.0527,1,4
1551,30.7575_72.0527,2,4
1558,30.3574_73.2061,1,4
1559,30.3662_73.2939,1,4
1561,30.1575_72.4851,1,4
1564,30.8927_73.0851,2,4
1568,30.3839_72.3527,1,4
1571,29.5574_71.3851,1,4
1573,30.9541_73.8061,2,6
1574,30.4075_72.8061,1,4
1575,29.9574_71.4561,1,4
1576,29.9574_71.4561,1,4
1577,31.2663_73.4527,1,4
1582,31.4250_71.0027,1,4
1590,30.6040_72.9351,1,4
1591,31.0541_73.1263,2,4
1597,30.1162_71.5939,1,6
1598,30.1162_71.5939,2,6
1603,30.8074_72.0527,2,4
1610,30.7751_70.6561,1,4
1611,29.8041_70.7351,1,4
1614,30.0838_72.4561,1,4
1615,30.6839_73.6527,1,4
1617,29.7162_72.1561,1,4
1619,29.9926_71.1439,1,4
1621,30.6074_73.3527,1,4
1623,29.9251_71.5439,1,4
1641,31.0427_73.7351,1,4
1643,29.8250_72.1852,1,4
1651,31.4750_73.3527,1,4
1654,29.9574_71.3263,1,4
1658,31.6427_73.0528,1,4
1660,31.4540_72.9527,1,4
1661,30.0662_71.3851,1,4
1662,30.7540_72.0561,1,4
1663,30.7540_72.0561,2,4
1664,29.8839_71.3263,1,4
1685,31.1751_72.5939,1,4
1689,29.7250_71.4027,1,4
1692,30.0541_73.1561,1,5
1702,30.5750_73.6439,2,4
1703,31.9041_72.3027,2,4
1705,30.9041_72.7851,1,4
1706,30.9041_72.7851,1,4
1711,29.8839_71.2763,1,4
1718,29.6575_71.5439,1,4
1723,30.1663_72.9561,1,4
1729,30.4339_70.9561,1,4
1732,31.4041_73.5351,1,4
1733,30.4574_72.0175,1,4
1734,29.6839_71.3527,1,4
1747,31.0662_72.9175,2,4
1749,30.2540_72.3027,1,4
1753,32.2338_72.5027,1,4
1757,31.9750_71.1763,1,4
1759,31.1162_73.7527,1,4
1761,30.7074_72.5851,2,4
1762,31.3426_73.3527,1,4
1765,30.6663_73.0263,1,4
1771,30.0075_71.1852,1,4
1772,30.0075_71.1852,1,4
1773,30.0075_71.1852,1,4
1776,31.4662_71.0027,1,4
1797,31.0040_73.9527,1,4
1799,30.6575_73.0351,1,4
1801,30.5574_72.4263,1,4
1803,29.5163_71.6061,1,4
1804,29.7540_70.6061,1,4
1805,30.2540_73.0528,1,4
1806,30.2540_73.0528,2,4
1807,29.9163_72.1061,1,4
1810,31.7575_73.5851,1,4
1813,30.3338_73.3439,1,4
1816,30.7751_73.4439,1,5
1817,32.0427_72.6351,1,4
1818,31.2041_72.3263,1,4
1820,31.0075_73.7439,1,4
1821,29.4574_71.4440,1,4
1822,30.9574_73.0175,1,4
1826,31.9574_71.6561,1,4
1828,30.1839_72.7561,1,4
1830,31.2927_72.7851,1,4
1846,30.9926_73.7851,1,4
1848,30.6040_73.1939,1,4
1850,30.6040_73.1939,1,4
1851,30.6040_73.1939,1,6
1852,30.6040_73.1939,1,4
1857,31.3041_73.4939,1,4
1858,31.3041_73.4939,1,4
1860,31.3041_73.4939,1,4
1876,30.8074_73.1675,1,4
1877,30.8074_73.1675,1,4
1878,30.9574_72.4939,1,4
1880,31.4926_72.0763,1,4
1884,29.9574_71.3439,1,5
1887,29.8540_72.7763,1,4
1888,30.6541_74.0175,1,4
1903,30.1575_73.1027,1,4
1904,30.1575_73.1027,1,4
1905,30.1575_73.1027,1,4
1908,30.6074_73.2061,1,4
1909,30.7575_73.8028,1,4
1916,29.7663_72.5527,1,4
1924,32.0662_71.3351,1,4
1928,30.7575_71.0061,1,4
1932,31.1162_73.9263,1,4
1934,29.3338_71.5527,1,4
1936,31.4540_73.2527,1,4
1944,31.2839_72.3527,1,4
1945,30.0926_72.4527,1,4
1948,30.1162_72.5351,1,4
1949,30.1751_71.6675,1,4
1957,30.0750_71.9352,1,4
1959,30.2927_73.1061,1,4
1964,31.9162_72.8851,1,4
1968,30.4926_73.5439,1,4
1969,30.4750_72.2028,1,4
1973,29.8162_71.6561,1,4
1979,32.2839_72.5851,1,4
1982,30.3250_71.8939,1,4
1988,30.6927_72.4763,1,4
1989,30.9541_73.0263,1,4
1991,30.0838_72.4527,1,4
1993,30.5075_73.3263,1,4
2000,29.5662_71.0027,1,4
2010,30.1040_71.4264,1,4
2012,31.1162_72.3939,1,4
2018,31.3250_70.9851,1,4
2020,30.2162_71.5527,1,4
2028,30.9541_73.7675,1,4
2030,29.7663_72.5561,1,4
2032,30.8662_73.9763,1,4
2033,29.9750_71.8527,1,4
2043,31.2426_70.9440,1,4
2051,30.1575_72.9439,1,4
2052,30.1927_72.3561,1,4
2053,30.1927_72.3561,1,4
2054,30.1927_72.3561,1,4
2056,31.9574_72.9061,1,4
2057,31.9574_72.9061,1,4
2060,30.3839_73.1675,1,4
2071,29.6839_71.8763,1,4
2074,29.9838_71.1439,1,4
2084,32.2040_72.4851,1,4
2090,30.4251_72.7061,1,4
2091,29.8074_71.4175,1,4
2094,30.1250_72.6561,1,4
2096,32.2074_72.5175,1,4
2097,32.2074_72.5175,1,4
2100,30.5251_72.1351,2,4
2111,29.2250_72.7527,1,4
2119,30.5541_73.4561,1,4
2120,30.3839_73.5528,2,4
2123,31.2575_70.9027,2,4
2125,31.1251_72.0439,1,4
2133,31.1927_73.8675,2,4
2134,31.0163_72.7027,1,4
2140,32.0251_72.8027,1,4
2149,30.4574_72.4561,1,4
2156,29.8540_71.5027,1,4
2157,29.8540_71.5027,1,4
2158,30.2041_72.8351,1,4
2159,30.2041_72.8351,1,4
2160,31.1162_73.7561,1,4
2164,29.8041_71.4352,1,4
2167,31.0075_71.9675,1,4
2168,31.4926_73.1763,1,4
2171,30.3839_73.1763,1,4
2176,31.4338_70.9939,1,4
2178,31.5662_71.0175,1,4
2188,31.2426_73.6175,1,4
2189,31.2426_73.6175,1,4
2200,30.8074_72.3027,1,4
2201,30.8074_72.3027,1,6
2204,31.0339_73.7351,1,4
2205,30.4574_72.6561,1,4
2209,30.6074_73.1851,2,4
2211,31.0541_72.7527,1,4
2213,31.3074_72.6175,1,4
2221,30.9075_72.5061,2,4
2222,30.9075_72.5061,1,4
2225,29.8041_71.8175,1,4
2226,30.1575_72.6175,1,4
2228,30.4541_72.1263,2,4
2231,29.7751_72.5561,1,4
2237,30.0662_71.5061,1,5
2239,31.1575_72.3763,1,4
2246,29.9339_72.2561,1,4
2253,31.5926_73.6439,2,4
2255,30.6251_73.6027,1,4
2256,30.6251_73.6027,1,4
2257,31.4838_73.1527,2,4
2264,30.2540_73.2561,1,4
2269,30.3426_72.7939,1,4
2277,32.1339_71.2439,1,5
2278,32.1339_71.2439,1,4
2286,31.4838_73.3527,1,4
2288,31.5750_71.0061,1,4
2290,30.2041_73.2439,1,4
2292,29.9339_72.2527,1,4
2293,29.2338_71.4175,1,4
2295,30.4075_73.0439,2,4
2296,30.4075_73.0439,1,4
2297,30.4075_73.0439,1,4
2298,30.6575_72.6351,1,4
2302,30.1339_72.3527,1,4
2306,31.9162_72.6027,1,4
2308,29.8162_72.1852,1,4
2309,31.0040_73.1263,1,4
2317,29.2575_72.6027,1,4
2318,31.3074_72.3527,1,4
2319,31.3074_72.3527,1,4
2320,31.3074_72.3527,1,4
2321,31.3074_72.3527,1,4
2322,31.3074_72.3527,1,6
2331,31.5427_73.0561,1,4
2333,30.5040_73.3351,1,4
2336,30.7751_73.4763,2,4
2338,31.2074_72.7263,1,4
2346,30.7663_73.8028,1,4
2372,30.0040_71.7351,1,4
2373,30.0339_72.3675,1,4
2374,30.5541_73.4527,1,4
2381,30.0574_73.3028,1,4
2382,30.0662_72.7561,1,4
2383,31.5075_73.8527,1,4
2385,29.9662_71.3527,1,4
2386,30.9427_70.9528,1,4
2388,30.9427_70.9528,1,4
2395,30.1541_73.1939,1,4
2397,32.1750_72.8527,1,4
2398,30.3338_71.8061,2,4
2408,29.9251_72.2561,1,4
2409,30.6074_70.9263,1,4
2412,31.4041_72.2175,1,4
2423,31.3074_72.9527,1,4
2424,30.7751_73.8028,1,4
2444,30.2162_72.9851,1,4
2445,30.8662_73.9675,1,4
2446,31.7426_73.0061,1,4
2451,30.0251_70.6852,1,4
2456,31.4750_73.1527,2,4
2458,30.0040_71.7175,1,4
2459,31.3540_70.9851,1,4
2460,30.5574_73.4561,1,4
2461,29.6074_72.2263,1,4
2464,32.0339_72.6351,1,4
2465,31.5427_72.1061,1,4
2467,30.6251_73.4561,1,4
2468,29.8540_72.0027,1,4
2469,30.7751_73.2939,1,5
2476,31.3041_73.8028,1,4
2479,30.4251_72.3675,1,4
2481,30.4251_72.3561,1,4
2482,30.4251_72.3561,1,4
2485,31.5075_73.3527,1,4
2486,31.2751_72.3351,1,4
2488,29.8074_70.7351,1,4
2491,31.5838_71.0061,1,4
2498,31.4074_72.4263,1,4
2500,30.4041_72.8027,1,4
2501,30.4041_72.8027,1,4
2504,30.8074_73.1851,1,4
2506,29.9750_70.6561,1,4
2510,31.9250_73.0528,1,4
2515,31.8250_72.7939,1,4
2516,30.8041_72.3061,1,4
2524,30.3162_71.8939,1,4
2525,31.4074_72.2175,1,4
2531,30.8426_73.5561,2,4
2544,31.4074_72.6263,1,4
2546,31.5541_72.2939,1,4
2554,30.0838_71.6852,1,4
2561,29.8839_72.8351,1,4
2566,31.0339_73.8527,1,4
2569,29.5750_71.9264,1,4
2570,31.5163_73.3263,2,4
2574,31.3663_73.1027,1,4
2575,29.5574_71.9528,1,4
2576,30.6575_73.5528,1,4
2577,30.9075_71.8061,1,4
2583,30.7540_73.8263,1,4
2586,30.7162_72.0561,1,4
2589,32.0339_72.8061,1,4
2591,31.2839_72.3439,1,4
2592,31.2839_72.3439,1,5
2595,30.0251_71.1763,1,4
2599,31.5075_73.4027,1,4
2602,30.0541_71.6561,1,4
2603,30.0541_71.6561,2,4
2604,31.5075_73.0439,1,4
2605,31.5075_73.0439,1,4
2606,31.5075_73.0439,2,4
2607,31.4750_72.9561,2,6
2609,30.4838_72.7351,1,4
2610,30.4838_72.7351,1,4
2614,30.6541_72.6439,1,4
2615,30.6541_72.6439,1,4
2616,31.4662_72.9561,2,6
2617,30.4075_72.2351,1,4
2620,31.2751_72.3439,1,4
2621,31.2751_72.3439,1,5
2627,30.8074_73.5351,2,4
2628,30.8074_73.5351,1,4
2630,30.8074_73.5351,1,4
2635,30.7074_73.2851,2,4
2641,30.4041_72.2439,1,4
2643,31.2575_73.4527,1,4
2644,30.9163_72.5061,1,4
2646,31.4074_72.2263,1,4
2647,29.7575_72.4027,1,4
2657,32.1574_71.3061,1,4
2660,29.9541_71.3263,1,4
2665,31.6074_73.7061,1,4
2671,30.9075_72.5027,2,4
2672,30.9075_72.5027,1,4
2676,31.0040_71.9675,1,4
2679,29.7162_72.4939,1,4
2681,31.2041_70.9528,2,4
2685,31.0075_73.5439,2,4
2686,29.5574_70.8763,1,4
2689,29.8540_71.5263,1,4
2692,29.5541_71.9561,1,4
2697,32.0075_72.6351,1,4
2700,29.3074_71.5527,1,4
2704,30.0662_71.4175,2,4
2710,29.6751_71.3561,1,4
2711,31.3574_72.9061,1,4
2712,31.3574_72.9061,1,4
2715,31.1751_72.7061,2,4
2716,29.8927_71.3351,1,4
2723,30.0541_73.1939,1,4
2725,29.8041_71.5527,1,4
2726,30.9041_73.0061,2,4
2727,30.1927_72.3527,1,4
2728,30.1927_72.3527,1,4
2729,30.1927_72.3527,1,4
2730,30.1927_72.3527,1,4
2731,30.9041_73.3351,1,4
2733,30.5838_73.1351,1,4
2737,29.7540_70.6027,1,4
2740,31.4838_73.1851,1,4
2741,31.4838_73.1851,1,4
2752,30.9075_73.3175,1,4
2758,29.5541_70.8763,1,4
2759,30.6575_74.0263,1,4
2763,29.9251_71.5351,1,4
2770,31.6339_72.3263,2,4
2774,30.1839_72.3527,1,4
2775,30.1839_72.3527,1,4
2776,30.1839_72.3527,1,4
2777,30.1839_72.3527,1,4
2779,30.3074_71.9027,1,4
2781,29.5339_71.6561,1,4
2785,30.3041_73.0939,1,4
2786,30.8250_70.9561,1,4
2787,30.8250_70.9561,1,4
2792,30.0040_70.9939,1,4
2793,29.2162_72.7527,1,4
2796,31.6040_73.7027,1,6
2797,31.6040_73.7027,1,4
2798,31.6040_73.7027,1,4
2799,31.6040_73.7027,1,4
2807,30.9574_73.7763,1,4
2808,29.6162_71.8561,1,4
2809,30.4574_72.1263,2,4
2816,30.9041_72.6175,1,4
2819,31.5838_73.6439,2,4
2820,30.0040_71.7263,1,4
2821,30.0040_71.7263,1,4
2823,31.2663_72.3561,1,4
2827,29.6751_72.6851,1,4
2830,32.2663_72.9175,1,4
2835,31.1427_73.9351,2,4
2852,30.3750_73.5439,2,4
2855,31.3074_73.8061,1,4
2856,31.3074_73.8061,2,4
2857,29.9075_70.6263,1,4
2861,30.7041_72.0527,1,4
2862,30.7041_72.0527,1,4
2870,30.9541_73.0175,1,4
2879,31.6838_73.0027,1,4
2881,31.3927_72.4061,1,4
2882,30.0574_72.4027,1,4
2891,31.8074_72.5675,1,4
2900,30.6575_73.6561,1,4
2903,29.5750_71.0061,1,4
2904,29.5750_71.0061,1,4
2905,29.5750_71.0061,1,4
2910,31.4750_73.0939,1,4
2912,30.0163_72.7763,1,4
2915,31.3663_73.1061,1,4
2917,30.0541_70.9528,1,4
2924,31.3162_72.3527,1,4
2925,31.3162_72.3527,1,4
2926,31.3162_72.3527,1,6
2927,31.3162_72.3527,1,4
2928,31.4074_73.5351,1,4
2937,30.4041_73.0439,1,4
2938,30.4041_73.0439,2,4
2939,30.4041_73.0439,1,4
2940,30.4041_73.0439,1,4
2947,31.8751_73.4561,1,4
2961,30.8041_73.1763,2,4
2962,30.8041_73.1763,1,4
2964,32.3041_71.9027,1,5
2965,32.3041_71.9027,1,4
2966,29.6074_72.2175,1,4
2968,31.4041_72.2263,1,4
2973,32.2663_72.9263,1,4
2978,30.7927_70.9175,2,4
2979,30.7927_70.9175,2,4
2981,30.9541_72.5061,1,4
2982,30.9541_72.5061,1,4
2983,30.9541_72.5061,1,4
2984,30.2074_72.3527,1,4
2988,29.8574_72.0027,1,4
2992,31.4838_72.5061,1,4
2998,32.2541_71.2061,1,4
3001,30.0040_72.4561,1,4
3006,29.6927_72.0061,1,4
3008,29.6927_71.8763,1,4
3009,31.0251_73.9527,1,4
3017,31.6339_71.0351,1,4
3018,31.6339_71.0351,1,4
3031,30.6162_73.4561,1,4
3042,29.7751_71.5527,1,4
3053,31.2575_70.8939,2,4
3066,30.9075_71.8027,1,4
3071,31.0251_72.5527,1,4
3072,30.6575_73.0061,1,4
3073,30.7074_72.0561,1,4
3074,30.7074_72.0561,1,4
3075,31.0075_73.5027,1,4
3078,29.5662_70.8527,1,4
3082,29.6751_71.3527,1,4
3091,31.2074_70.9440,2,4
3092,31.2074_70.9440,1,4
3098,30.7575_71.7939,1,4
3103,32.2040_72.5175,1,4
3104,32.2040_72.5175,1,4
3107,30.7074_72.0527,1,4
3108,30.7074_72.0527,1,4
3117,31.7575_72.8675,1,4
3123,30.2575_73.2561,1,4
3124,30.7839_73.4851,2,4
3125,30.7839_73.4851,2,4
3138,32.0075_72.6027,2,4
3146,30.4339_72.6561,1,4
3149,31.0040_73.5439,2,4
3150,31.1251_72.0351,1,4
3159,30.9750_71.9528,1,4
3164,29.6040_71.9561,1,4
3166,30.9662_70.6940,1,4
3178,31.7663_71.1027,1,4
3184,30.8041_73.5263,2,4
3185,30.8041_73.5263,1,4
3191,31.3041_72.8675,2,4
3193,31.5163_73.4027,1,4
3194,30.2041_72.2351,1,4
3205,29.8574_72.0061,1,4
3206,32.0339_72.7939,1,4
3213,30.3041_72.4561,1,4
3215,29.8250_71.8527,1,4
3216,30.0339_70.9528,1,4
3218,30.7663_71.0561,1,4
3221,30.9838_73.7851,1,4
3222,30.2575_71.6764,1,4
3231,30.2074_72.6851,2,4
3232,30.2074_72.6851,1,4
3235,29.9163_71.5351,1,4
3236,29.9075_72.3561,1,4
3237,31.3162_73.0528,1,4
3238,31.3162_73.0528,1,4
3241,31.4926_73.1851,1,4
3246,29.2426_72.3851,1,4
3247,30.6541_74.0263,1,4
3262,31.2426_72.2851,1,4
3264,29.6927_71.2527,1,4
3265,31.4074_73.7561,2,4
3266,31.4074_73.7561,2,4
3273,31.9250_72.6061,1,4
3276,32.0075_72.6061,2,4
3284,31.3663_73.4851,2,4
3290,32.0041_72.6263,1,4
3291,32.0041_72.6263,1,4
3294,30.5662_72.4263,1,4
3298,30.1839_72.7527,1,4
3299,32.2040_72.4763,1,4
3300,31.4162_72.9351,1,4
3307,30.2575_72.4527,1,4
3308,30.2575_72.4527,1,4
3316,31.1541_72.0939,1,6
3317,31.1541_72.0939,1,4
3318,31.1541_72.0939,1,4
3321,31.1751_72.3527,1,4
3322,31.1751_72.3527,1,4
3323,29.9251_72.6351,1,4
3325,30.2041_73.1027,1,4
3326,30.9075_72.7175,1,4
3329,31.0251_70.9352,1,4
3333,30.3839_73.5439,2,4
3338,30.7575_71.0527,1,4
3339,30.7575_71.0527,1,4
3345,30.4541_73.2061,1,4
3348,32.2040_71.3027,1,4
3350,30.9926_72.4851,2,4
3356,30.9926_71.9939,1,4
3358,31.0427_73.8561,1,4
3360,32.2575_71.2061,1,4
3361,31.0040_73.9561,1,4
3369,29.8162_72.1940,1,4
3371,30.9574_70.6940,2,4
3372,30.9574_70.6940,1,4
3373,30.9574_70.6940,1,4
3375,31.0040_70.9528,1,4
3378,29.7839_70.6561,1,4
3379,30.1663_72.9439,1,4
3381,31.0075_73.9939,1,6
3384,30.3041_73.8527,1,4
3390,30.0541_71.7851,2,4
3392,30.9574_73.8263,1,4
3397,30.0750_71.6852,1,4
3404,30.8574_73.7351,2,4
3418,29.8041_71.4440,1,4
3424,32.0075_72.6763,1,4
3430,31.1575_73.3561,2,4
3435,32.1662_73.0061,1,4
3447,30.0339_70.6763,1,4
3448,30.0339_70.6763,1,4
3455,30.6927_73.6527,1,4
3456,31.6838_73.0061,1,4
3459,31.3162_72.5675,1,4
3460,31.3162_72.5675,1,4
3462,30.7839_73.4527,1,4
3463,31.6074_73.7027,1,6
3464,31.6074_73.7027,1,4
3465,31.6074_73.7027,1,4
3466,31.6074_73.7027,1,4
3470,31.8041_72.5763,1,4
3471,30.5339_72.9527,1,4
3473,30.5750_72.8851,1,4
3480,30.0040_71.1527,1,4
3486,30.4838_73.5439,1,4
3488,31.1751_73.8439,2,4
3491,29.8540_71.5175,1,4
3493,29.8540_71.5175,1,4
3499,30.9427_73.8028,2,4
3504,30.2074_72.8263,1,4
3507,30.3338_71.6351,1,4
3508,31.9838_71.1763,1,4
3523,32.0339_72.8027,1,4
3524,30.7663_71.0527,1,4
3525,30.4662_72.1940,1,4
3529,31.1339_73.9351,2,4
3530,31.1339_73.9351,2,4
3536,31.4838_73.0439,1,4
3542,31.2541_70.8939,2,4
3554,31.7575_71.1027,1,4
3555,31.7575_71.1027,1,4
3557,30.4075_71.6764,1,4
3558,30.4041_71.6852,1,4
3562,31.4074_73.2263,1,4
3563,31.4074_73.2263,2,4
3564,31.4074_73.2263,2,4
3567,29.5163_71.8175,1,4
3574,30.7575_73.8175,1,4
3575,30.8338_72.0527,1,4
3576,29.5574_71.3527,1,4
3577,30.9838_71.9939,1,4
3584,31.4750_71.0439,2,4
3588,30.1162_73.3061,1,4
3590,30.4541_72.7439,1,4
3593,32.2074_72.4851,1,4
3597,30.3162_73.0175,1,4
3598,30.3162_73.0175,1,4
3600,29.9251_72.1027,1,4
3609,30.3250_71.6263,1,4
3616,30.0339_71.6527,2,4
3624,31.0040_73.5351,2,4
3626,30.1074_71.4352,1,4
3630,30.5075_72.2439,1,4
3631,32.2751_72.4351,2,4
3632,31.2927_72.3763,1,4
3634,30.9838_71.9561,1,4
3636,30.0838_71.3675,1,4
3641,31.0251_72.7061,1,4
3652,29.9075_70.6675,1,4
3654,32.2751_72.5763,1,4
3660,30.5750_70.9352,1,4
3662,30.4541_72.1351,2,4
3666,31.4574_72.9527,1,4
3670,32.0574_71.6940,1,4
3672,29.6040_71.7763,1,4
3674,30.9926_73.9061,1,4
3688,29.5662_71.3851,1,4
3691,29.5163_71.6027,1,4
3692,30.7751_73.7940,1,4
3693,30.9574_73.8028,2,6
3711,31.3074_72.3439,1,4
3714,30.1074_72.5263,1,4
3715,30.1074_72.5263,1,4
3719,29.2540_71.5527,1,4
3720,30.0574_71.1940,1,4
3721,31.1839_72.3527,1,4
3722,31.1839_72.3527,1,4
3725,29.3574_71.1763,1,4
3728,29.6927_71.8851,1,4
3730,30.6839_73.6561,1,4
3736,29.9541_71.3351,1,4
3737,29.9541_71.3351,1,4
3739,29.9541_71.3351,1,4
3741,29.9574_73.0439,1,4
3742,31.0075_71.9763,1,4
3743,30.1751_72.7561,1,4
3746,29.2426_71.4027,1,4
3752,29.9574_73.0351,1,4
3755,31.2541_73.5351,1,4
3756,30.4662_72.2028,1,4
3759,31.0040_72.4351,1,4
3761,31.4662_71.0439,2,4
3762,30.3041_71.9061,1,4
3763,30.3041_71.9061,1,4
3764,31.0163_73.1027,1,4
3765,31.2575_73.0351,2,4
3767,31.4074_73.2175,2,4
3768,30.4541_72.5561,1,4
3773,30.2250_72.9939,1,4
3774,31.6574_73.0561,1,4
3775,31.6574_73.0561,1,4
3777,30.1541_72.6263,1,4
3778,30.1541_72.6263,1,4
3779,30.1541_72.6263,1,4
3782,32.0251_72.6675,1,4
3783,29.9541_71.3561,1,4
3785,31.6662_71.0561,1,4
3788,31.2575_72.0561,1,4
3803,29.7250_72.1527,1,4
3813,29.9075_70.6561,1,4
3814,30.0251_72.2561,1,4
3818,31.5075_73.8561,1,4
3825,31.0251_70.9440,1,4
3829,30.0339_70.9561,1,4
3839,30.1074_73.3175,1,4
3847,31.5926_73.6351,2,4
3850,31.6427_72.3263,2,4
3851,31.3074_72.8675,2,4
3859,31.5163_73.0439,2,4
3865,32.0427_72.6439,1,4
3876,31.5163_73.8527,1,4
3881,31.1074_73.7439,1,6
3882,30.0075_71.7351,1,4
3883,30.6751_73.2351,1,4
3886,31.1074_73.7561,2,4
3891,29.7162_71.4061,1,4
3893,29.8750_72.0027,1,4
3894,31.0075_73.1027,1,4
3897,30.9163_70.9939,1,4
3899,31.7541_72.4561,1,4
3908,30.0750_72.7527,1,4
3910,30.0750_72.7527,1,4
3911,30.4041_72.8061,1,4
3915,30.8041_73.4763,1,4
3917,30.6040_73.6027,1,4
3921,30.1040_73.3351,1,4
3923,31.0040_73.5027,1,4
3927,29.2250_72.7561,1,4
3928,30.0541_71.7763,2,4
3934,30.2751_72.8027,1,4
3937,30.4251_72.3763,1,4
3938,30.0838_72.7439,1,4
3939,29.8574_72.8439,1,4
3948,30.1575_73.5528,1,4
3949,31.2074_72.6527,2,4
3963,30.9838_71.9528,1,4
3964,30.4750_73.4939,1,5
3966,30.4541_72.7527,1,4
3968,31.6074_73.5027,1,4
3970,30.0574_71.4851,1,4
3972,32.1662_73.0027,1,4
3975,30.5541_72.1061,2,6
3980,30.1162_72.8561,1,4
3981,30.0838_71.6764,1,4
3985,31.0040_70.9352,1,4
3986,31.0040_70.9352,1,4
3987,30.2250_71.5439,1,5
3990,31.8074_72.5561,1,4
3991,30.9163_73.8351,2,4
3992,30.4750_73.5027,1,4
4000,30.3250_72.3263,1,4
4001,31.5339_72.1027,1,4
4003,31.1751_73.9527,2,4
4008,30.7074_72.3061,1,4
4010,31.3426_73.1851,1,4
4015,31.4750_73.1561,2,4
4026,31.4250_73.2061,1,4
4027,31.4250_73.2061,1,4
4031,30.2074_72.8351,1,4
4032,30.2074_72.8351,1,4
4040,32.0041_72.6027,2,4
4041,32.0041_72.6027,2,4
4055,30.5163_72.1351,2,4
4058,29.9662_71.3439,1,5
4069,31.1751_73.8527,2,4
4070,31.1751_73.8527,2,4
4072,29.9251_72.2527,1,4
4073,30.2540_73.6763,1,4
4076,31.0339_73.8561,1,4
4078,31.6427_72.3351,2,4
4089,31.9540_72.4439,1,4
4090,30.0574_71.6561,1,4
4091,30.0574_71.6561,2,4
4093,31.2575_72.0527,1,4
4095,31.3162_73.8061,2,4
4099,29.6338_71.9561,1,4
4101,31.9838_71.1675,1,4
4108,29.2338_71.5527,1,4
4109,32.0541_71.3527,1,4
4110,30.3574_72.3763,1,4
4117,29.7927_72.7027,1,4
4118,29.7751_71.9027,1,4
4126,30.8041_71.8527,1,4
4131,31.7541_72.8675,1,4
4137,29.4662_71.4352,1,4
4139,31.3162_72.3561,1,4
4140,31.3162_72.3561,1,4
4141,31.3162_72.3561,1,4
4146,31.3663_73.4027,2,4
4148,30.7575_73.8351,1,4
4152,32.2040_72.5351,1,4
4156,30.8540_72.2527,1,4
4157,29.9838_71.8439,1,4
4158,31.2250_70.9440,1,4
4166,29.9339_72.6351,1,4
4169,31.2250_70.9352,1,4
4170,30.3927_71.7527,2,4
4171,30.0075_71.7263,1,4
4172,30.0075_71.7263,1,4
4178,30.3041_70.9763,1,4
4187,31.4074_72.9351,1,4
4188,31.4074_72.9351,1,4
4191,29.4662_71.4561,1,4
4193,31.3162_71.0175,1,4
4200,31.2162_72.3439,1,4
4202,32.0574_72.4851,1,4
4206,30.3041_73.1027,1,4
4211,31.2575_73.4561,1,4
4212,31.0163_74.0027,1,4
4213,31.0163_74.0027,1,4
4217,30.4075_71.8851,1,4
4219,31.5075_73.2851,1,4
4220,31.3074_73.0561,1,4
4227,30.0662_72.7527,1,4
4229,30.7540_72.0527,1,4
4230,30.7540_72.0527,2,4
4231,30.4574_72.4527,1,4
4232,30.6541_73.2027,1,4
4233,31.6750_73.0061,1,4
4235,31.3574_72.9027,1,4
4236,31.3574_72.9027,1,4
4237,31.4338_71.0027,1,4
4240,31.0163_73.9763,1,4
4248,31.2927_72.3675,1,4
4253,29.8839_71.3351,1,4
4254,31.2751_72.3561,1,4
4258,30.5926_73.8351,1,4
4272,30.6927_72.4851,1,4
4273,30.6040_70.9263,1,4
4274,31.9162_72.6439,1,5
4278,31.5339_73.3061,1,4
4279,31.6074_73.5061,1,4
4282,30.4662_73.5027,1,4
4287,31.4662_72.9527,2,6
4288,32.2839_72.9351,2,4
4296,30.7162_72.4763,1,4
4297,29.4163_71.7061,1,4
4300,30.2663_71.6764,1,4
4301,30.8041_72.3027,1,4
4302,30.8041_72.3027,1,6
4307,29.6839_72.0527,1,4
4313,29.6541_71.5527,1,4
4328,30.0339_72.2527,1,4
4339,30.4339_70.9528,1,4
4340,31.2663_73.0351,2,4
4341,29.7839_71.0561,1,4
4345,30.0541_73.1851,1,4
4346,30.0541_73.1851,1,4
4347,30.3041_72.4527,1,4
4348,31.0574_73.1263,2,4
4350,30.7074_73.3351,1,4
4355,31.0040_73.1351,1,4
4357,31.0040_71.9763,1,4
4364,31.3074_72.5675,1,4
4365,31.3074_72.5675,1,4
4367,30.3574_73.2027,1,4
4368,30.3574_73.2027,1,4
4373,31.0075_73.7527,1,4
4374,31.0075_73.7527,2,6
4381,30.7041_72.5851,2,4
4384,30.1575_73.1061,1,4
4385,30.1575_73.1061,1,4
4386,30.1575_73.1061,1,4
4390,30.0541_71.3527,1,4
4391,31.3250_73.1763,1,4
4398,29.7927_70.6527,1,4
4401,30.2338_71.4061,2,4
4402,31.2927_72.7763,1,4
4403,32.0163_72.6675,1,4
4406,29.5163_71.1351,1,4
4411,30.7041_72.5561,1,4
4421,31.6574_71.0561,2,4
4422,31.6574_71.0561,1,4
4423,29.8574_70.6527,1,4
4426,29.2338_71.4027,1,4
4427,30.9041_73.7061,1,4
4441,29.5750_70.8561,1,4
4443,30.0040_71.1675,1,4
4449,30.0750_71.6764,1,4
4451,29.7426_71.0561,1,4
4457,31.2426_73.6263,1,4
4458,30.5750_73.6527,2,4
4467,30.1541_72.6351,1,4
4468,30.1541_72.6351,1,4
4469,30.6839_72.4763,1,4
4471,30.1541_72.4763,1,4
4475,29.8162_71.4175,1,4
4476,30.2074_72.9027,1,4
4477,30.2074_72.9027,1,4
4479,29.6927_71.2561,1,4
4480,31.8074_72.9061,1,4
4488,30.7074_73.3439,1,4
4490,30.3750_73.2939,1,4
4497,29.8574_71.5175,1,4
4499,29.8574_71.5175,1,4
4501,30.8041_73.5351,2,4
4502,30.8041_73.5351,1,4
4513,30.2250_72.9851,1,4
4515,30.1541_72.6175,1,4
4519,30.3839_72.6027,2,4
4520,30.3839_72.6027,1,4
4523,31.1575_73.3527,2,4
4526,30.6575_72.6439,1,4
4527,30.6575_72.6439,1,4
4530,30.4075_73.5263,2,4
4534,30.8540_73.7351,2,4
4539,30.4926_70.9561,1,4
4541,29.9041_70.6175,1,4
4543,30.4574_72.1351,2,4
4544,31.3663_73.4939,2,4
4548,31.0075_73.1263,1,4
4551,29.4838_71.6561,1,4
4553,30.9163_72.5027,1,4
4556,29.8338_71.8527,1,4
4558,30.6839_72.4851,1,4
4566,30.3662_73.2851,1,4
4569,30.3662_72.3675,1,4
4571,31.0040_73.7439,1,4
4572,30.3250_71.9027,1,4
4587,31.4162_72.4263,1,4
4588,30.1575_72.4763,1,4
4591,30.9041_72.4027,1,5
4592,30.9041_72.4027,1,4
4594,29.5251_71.6263,2,4
4604,31.4662_73.0263,1,4
4608,31.1751_72.2439,1,4
4611,31.3663_73.0263,1,4
4613,31.1427_73.5027,2,4
4619,30.6040_73.2027,1,4
4620,30.6040_73.2027,1,4
4622,31.3426_73.1763,1,4
4630,31.3540_73.4439,2,4
4632,29.6575_71.9528,1,4
4633,29.6575_71.9528,1,4
4638,29.5541_71.2028,1,4
4640,31.4574_72.6175,1,4
4642,32.2839_72.4527,1,4
4643,32.2839_72.4527,1,4
4668,29.9662_70.9675,1,4
4669,31.0574_72.9263,1,4
4670,30.9574_72.5027,1,4
4671,30.9574_72.5027,1,4
4673,29.7927_71.0561,1,4
4675,30.2041_72.6763,2,4
4676,29.8540_71.5527,1,4
4687,32.0339_72.6439,1,4
4689,31.8041_72.9061,1,4
4692,30.6074_73.1939,1,4
4693,30.6074_73.1939,1,6
4694,30.6074_73.1939,1,4
4695,30.6074_73.1939,1,4
4696,31.4162_73.2263,2,4
4699,30.3839_72.6061,2,4
4700,30.3839_72.6061,1,4
4701,30.4750_73.3939,1,4
4702,30.9075_73.0061,2,4
4703,31.1251_72.3939,1,4
4705,30.4574_72.5561,1,4
4717,31.9540_71.6527,1,4
4720,29.9574_71.3527,1,4
4722,29.9574_71.3527,1,4
4723,29.8426_72.8061,1,4
4729,30.7839_73.4561,1,4
4731,29.6074_71.7763,1,4
4732,29.5662_71.4061,1,4
4735,29.9339_70.6561,1,4
4739,30.3041_73.0675,1,4
4747,31.0040_73.4939,1,5
4750,31.7426_73.0027,1,4
4755,31.0075_70.9561,1,4
4756,31.0075_70.9561,1,4
4757,30.0750_72.7561,1,4
4761,30.4041_72.2351,1,4
4765,31.1839_73.9763,1,4
4772,29.5541_71.3527,1,4
4774,32.3074_71.9027,1,4
4776,30.0574_71.7763,2,4
4778,30.5040_73.5027,1,4
4779,30.5040_73.5027,1,5
4784,30.0574_71.1852,1,4
4785,30.1839_72.5939,1,4
4795,31.5075_73.3061,1,4
4796,31.5075_73.3061,1,4
4797,31.2074_72.3351,1,4
4801,29.8750_71.9352,1,4
4807,32.2074_72.2561,2,4
4811,30.0838_71.3851,1,4
4816,31.7663_72.9027,1,4
4827,29.7839_71.5527,1,4
4828,30.7041_73.4561,1,4
4829,31.0339_73.7439,1,4
4830,30.6541_73.2061,1,4
4831,30.9075_73.7027,1,4
4834,30.7751_73.4527,1,4
4839,30.3074_73.0851,1,4
4840,29.6074_71.9528,1,4
4841,29.6074_71.9528,1,4
4843,30.8250_70.9528,1,4
4844,30.8250_70.9528,1,5
4853,30.0251_70.7061,1,4
4855,32.2250_72.5027,1,4
4856,29.8250_71.6561,1,4
4858,31.1162_72.6061,2,4
4859,31.3074_73.0263,2,4
4860,31.3074_73.0263,1,4
4863,31.5041_73.2851,1,4
4866,30.4251_72.1439,1,4
4878,30.1541_72.1527,1,4
4881,29.9541_73.0351,1,4
4885,30.9251_73.8351,2,4
4886,31.7338_73.0061,1,4
4887,30.7663_73.7940,1,4
4889,30.8574_73.7263,1,4
4890,30.8574_73.7263,2,4
4894,30.2074_73.2527,1,4
4895,31.6574_73.0528,1,4
4896,31.6574_73.0528,1,4
4897,30.8338_72.0561,1,4
4901,29.7839_72.7061,1,4
4903,31.0075_74.0027,1,4
4904,31.0075_74.0027,1,4
4921,29.8574_71.7061,1,4
4923,31.1575_72.3675,1,4
4924,31.1575_72.3675,1,4
4934,31.9574_71.6527,1,4
4943,29.8662_70.5439,1,4
4944,29.8662_70.5439,1,4
4946,30.0040_72.4527,1,4
4947,30.9075_72.7263,1,4
4948,30.9075_72.7263,1,4
4949,30.9075_72.7263,1,4
4953,32.0574_71.7028,1,4
4956,30.7927_73.4527,1,4
4957,30.2663_73.0528,1,4
4960,30.8074_72.3061,1,4
4962,29.8662_72.0027,1,4
4968,31.1751_72.7027,2,4
4983,30.0163_72.4351,1,4
4990,29.9339_72.6263,1,4
4991,29.6575_71.9561,1,4
4996,30.3338_70.9561,1,4
4998,30.9574_73.0263,1,4
5014,29.8574_70.5439,1,4
5015,29.8574_70.5439,1,4
5024,30.0662_71.9352,1,4
5025,30.8574_73.9763,1,4
5028,30.0750_71.3675,1,4
5029,31.1839_73.8527,2,4
5030,31.1839_73.8527,2,4
5031,30.1927_72.3439,1,4
5034,30.4541_72.0351,1,4
5035,29.6541_71.5439,1,4
5053,32.2839_71.4528,1,4
5055,29.6839_72.6851,1,4
5060,30.1575_72.9561,1,4
5061,31.9574_71.7851,1,4
5067,31.0541_72.9939,2,4
5073,30.4541_72.0175,1,4
5074,32.0251_72.7851,1,4
5075,29.9041_70.9561,1,4
5078,29.8041_71.8263,1,4
5080,32.0541_72.4851,1,4
5083,29.8074_71.4027,1,4
5089,30.1162_71.4061,1,4
5090,30.1427_72.3527,1,4
5091,31.5339_73.2561,1,4
5094,31.1541_72.3675,1,4
5095,31.1541_72.3675,1,4
5099,31.7541_73.5851,1,4
5100,32.0541_72.3527,1,4
5108,30.9541_73.8028,2,6
5109,31.2575_72.0439,1,4
5112,31.6339_71.1527,1,4
5114,30.0541_71.3939,1,4
5117,31.8839_73.4561,1,4
5125,30.1575_72.1527,1,4
5128,30.0339_71.6561,2,4
5129,31.3574_73.3028,2,4
5130,30.8074_71.8527,1,4
5131,30.8074_71.8527,1,4
5132,31.8574_71.1263,1,4
5137,31.3663_73.4061,2,4
5143,30.2041_72.6851,1,4
5144,30.2041_72.6851,2,4
5145,30.2041_72.6851,1,4
5155,30.2074_73.1061,1,4
5157,31.6662_73.0528,1,4
5159,31.5075_73.0561,1,4
5163,32.2751_72.9351,2,4
5164,29.6927_72.0027,1,4
5176,30.0339_70.6852,1,4
5177,30.0339_70.6852,1,4
5191,30.9574_73.3028,1,4
5194,30.7751_73.4851,2,4
5195,30.7751_73.4851,2,4
5196,31.1040_73.1027,1,4
5197,29.9075_71.1439,1,4
5200,31.0075_73.7263,1,4
5201,31.0075_73.7263,1,4
5202,31.1339_73.9263,2,4
5210,30.2074_70.9528,1,4
5211,30.2074_70.9528,1,4
5212,29.6839_71.7028,1,4
5213,29.6839_71.7028,1,4
5218,30.0075_70.6940,1,4
5222,30.8250_72.0527,1,4
5226,29.5163_71.1263,1,4
5230,31.0163_73.9527,1,4
5231,31.0163_73.9527,2,4
5235,29.8041_72.6061,1,4
5236,30.0574_71.7851,2,4
5244,30.8338_73.5561,2,4
5246,30.0075_71.1527,1,4
5255,32.2751_72.4527,1,4
5256,32.2751_72.4527,1,4
5257,32.2751_72.4527,1,4
5261,30.9574_73.4561,1,4
5262,29.6074_71.9561,1,4
5263,29.6074_71.9561,1,4
5264,30.3839_71.8439,1,4
5267,30.0574_73.1763,1,4
5268,30.0574_73.1763,1,4
5269,30.0541_72.2028,1,4
5272,30.9926_73.8439,1,4
5277,31.7541_72.4527,1,4
5280,31.5339_73.0561,1,4
5281,30.0574_71.5061,1,5
5283,29.8041_70.7263,1,4
5288,31.6040_73.5061,1,4
5292,30.4163_72.7061,1,4
5294,31.6427_71.0351,1,4
5297,31.1339_73.5027,2,4
5299,30.3574_73.0351,1,4
5301,30.5926_73.1351,1,4
5306,31.0574_73.1351,2,4
5312,31.0075_70.9440,1,4
5324,30.4838_73.5528,1,4
5326,30.4574_72.0263,1,4
5327,30.4574_72.0263,1,4
5332,29.6074_71.6061,1,4
5333,29.6074_71.6061,1,4
5336,30.4926_72.4527,1,4
5337,29.7575_72.1027,1,4
5338,31.8540_72.6527,1,4
5342,30.4541_73.6561,1,4
5344,30.4541_73.6561,1,4
5346,31.7074_73.4351,1,4
5349,30.9926_73.7940,1,4
5350,29.8041_71.8561,1,4
5364,30.0750_71.3851,1,4
5369,31.5574_71.0263,1,4
5370,31.5574_71.0263,1,4
5374,31.2338_72.0439,1,4
5376,30.3250_72.1852,1,4
5378,31.3574_72.8351,1,4
5387,29.8662_71.1061,1,4
5390,30.5075_73.5027,1,4
5391,30.5075_73.5027,1,5
5392,30.8927_71.8763,1,4
5394,30.2751_72.8061,1,4
5398,31.0662_72.6027,1,5
5403,29.5574_71.6263,1,4
5409,30.5339_72.9439,1,4
5411,32.2338_72.5061,1,4
5413,29.6839_72.0061,1,4
5424,30.5750_70.9440,1,4
5425,30.5750_70.9440,1,4
5432,30.8338_73.5528,2,4
5435,32.2040_71.3061,1,5
5436,32.2040_71.3061,1,4
5439,30.3338_70.9528,1,4
5441,29.6338_71.9528,1,4
5443,30.8074_73.4763,1,4
5446,29.4750_71.6027,1,4
5449,30.5926_73.8439,1,4
5453,30.6751_72.0527,1,4
5459,29.5040_71.7351,1,4
5460,31.3839_72.4027,1,4
5468,31.4574_72.9351,1,4
5471,32.0427_72.8027,1,5
5472,32.2927_71.4528,1,4
5480,31.3041_73.5027,1,4
5481,30.7074_72.5561,1,4
5489,31.1751_73.9763,1,4
5490,31.6574_71.0527,2,4
5491,31.6574_71.0527,1,4
5498,31.3751_73.4939,2,4
5506,31.2041_72.7175,1,4
5507,31.2338_72.2851,1,4
5509,31.2041_72.6527,2,4
5511,30.8074_72.2939,1,4
5520,31.8041_72.5675,1,4
5527,31.4041_73.7561,2,4
5548,29.9838_70.6527,1,4
5549,32.1541_71.3061,1,4
5552,31.1839_73.9675,1,4
5555,31.1839_73.9675,2,4
5556,30.4574_73.2175,1,4
5560,29.2540_71.5561,1,4
5561,32.2162_71.8527,1,4
5579,30.1162_71.4027,1,4
5582,31.0163_73.1061,1,4
5584,30.7162_73.2851,2,4
5596,30.8250_72.4061,1,4
5611,30.0040_71.1763,1,4
5617,30.4750_72.1940,1,4
5626,31.3162_73.0439,1,6
5627,31.3162_73.0439,1,4
5637,31.4750_73.0439,1,4
5638,31.4750_73.0439,1,4
5640,30.4339_72.3527,1,4
5641,30.4339_72.3527,1,4
5651,32.2751_72.9263,2,4
5652,32.2751_72.9263,1,4
5656,31.3041_73.0263,2,4
5657,31.3041_73.0263,1,4
5658,31.1575_72.1061,1,4
5669,30.8250_72.4027,1,4
5674,31.3540_72.9061,1,4
5675,30.0541_73.1675,1,4
5683,30.9574_73.4527,1,4
5688,30.2839_73.1027,1,4
5694,30.0838_72.9351,1,4
5698,31.4162_73.7527,2,4
5704,30.4838_72.4527,1,4
5708,30.0541_73.1763,1,4
5712,30.5541_72.1027,2,4
5714,30.1575_73.1851,1,4
5724,32.0251_72.7939,1,4
5729,30.1040_73.3061,1,4
5740,31.2338_72.0527,1,4
5741,31.6040_71.0175,1,4
5747,29.9041_71.1527,1,4
5750,31.1575_72.0939,1,6
5751,31.1575_72.0939,1,4
5752,31.1575_72.0939,1,4
5757,32.3663_72.6351,1,4
5761,29.8574_71.5027,1,4
5762,29.8574_71.5027,1,4
5765,31.3041_73.8061,1,4
5769,30.3927_71.8439,1,4
5774,29.6839_71.8851,1,4
5779,30.3074_73.0763,1,4
5783,32.1339_71.2527,1,4
5784,32.1339_71.2527,1,4
5785,32.1339_71.2527,1,5
5786,32.1339_71.2527,1,4
5793,30.5574_72.8439,1,4
5794,30.5574_72.8439,1,4
5795,30.5574_72.8439,1,4
5798,30.6251_72.8527,1,4
5802,31.6750_73.0027,1,4
5804,31.5838_71.0027,1,4
5805,31.4250_72.9263,1,4
5811,30.8574_74.0027,1,4
5815,31.6339_71.1561,1,4
5819,31.1839_72.3561,1,4
5820,31.1839_72.3561,1,4
5822,29.4163_71.7028,1,4
5827,30.1575_72.6263,1,4
5828,30.1575_72.6263,1,4
5829,30.1575_72.6263,1,4
5831,30.1040_72.0561,1,4
5842,30.3074_70.9675,1,4
5845,31.9074_72.3027,2,4
5850,30.7751_73.3028,1,4
5851,31.0075_72.4351,1,4
5862,30.9838_72.0027,1,4
5863,29.8574_71.5061,1,4
5864,29.8574_71.5061,1,4
5866,29.4251_71.7061,1,4
5867,31.7338_73.0027,1,4
5868,30.9750_73.8527,1,4
5870,30.9750_73.8527,1,4
5874,30.3074_73.0939,1,4
5878,30.2663_71.6675,1,4
5884,30.9339_73.7940,2,4
5887,32.0251_72.6527,2,4
5888,30.2041_72.8263,1,4
5890,30.2041_72.9027,1,4
5896,31.4074_72.6351,1,4
5903,29.7575_72.4061,1,4
5904,30.6839_71.7263,1,4
5905,30.6839_71.7263,1,4
5906,29.7540_72.1027,1,4
5910,32.1163_71.2439,1,4
5915,29.9041_70.9528,1,4
5918,31.0163_73.9561,2,4
5920,29.9075_70.9528,1,4
5921,31.1251_72.4027,1,4
5922,29.7927_72.7061,1,4
5929,30.2162_72.9027,1,4
5934,30.1839_72.3439,1,4
5938,30.0541_72.4061,1,4
5957,30.2540_73.1561,1,4
5972,30.7663_73.4527,1,4
5973,31.2426_72.0439,1,4
5975,30.1074_72.0561,1,4
5977,30.2041_70.9528,1,4
5978,30.2041_70.9528,1,4
5980,30.4574_73.2061,1,4
5981,31.4250_72.9175,1,4
5984,29.9163_72.1027,1,4
5986,30.0163_72.7851,1,4
5988,30.7540_73.8351,1,4
5989,29.3426_71.5561,1,4
5991,29.5662_71.4027,1,4
5992,30.1074_71.3939,1,4
5993,30.1074_71.3939,1,4
5998,29.6541_71.0263,1,4
6004,31.0040_72.4439,1,4
6008,30.0163_72.4439,1,4
6009,31.0574_72.2351,1,4
6013,29.5574_71.4061,1,4
6017,31.5041_73.3527,1,4
6021,29.6839_71.7061,1,4
6022,29.6839_71.7061,1,4
6023,30.0926_72.9263,1,4
6028,30.3540_73.0351,1,4
6033,29.9750_70.6527,1,4
6034,29.3750_71.6263,1,4
6036,31.0075_73.9061,1,4
6040,31.5574_71.0527,1,4
6041,31.5574_71.0527,1,4
6043,31.3074_72.5763,1,4
6044,31.3074_72.5763,1,4
6046,30.7540_71.7939,1,4
6047,30.9075_72.6175,1,4
6053,29.6074_71.8675,1,4
6054,30.1839_72.3561,1,4
6055,30.1839_72.3561,1,4
6056,30.1839_72.3561,1,4
6059,31.0750_73.1439,1,4
6060,31.0750_73.1439,1,4
6062,30.2074_73.1027,1,4
6076,30.6575_73.5561,1,4
6082,31.5541_72.2851,1,4
6084,30.5251_72.2851,2,4
6088,31.3751_73.4027,2,4
6094,29.8574_71.1027,1,4
6095,31.1162_72.6027,2,4
6098,30.0541_71.4027,1,4
6106,32.2663_72.3263,1,4
6112,32.0541_71.6940,1,4
6113,31.3074_73.0528,1,4
6114,31.3074_73.0528,1,4
6116,30.6663_73.0351,1,4
6117,31.1839_73.8439,2,4
6126,30.6040_73.3527,1,4
6127,30.1541_73.1027,1,4
6128,30.1541_73.1027,1,4
6129,30.1541_73.1027,1,4
6134,31.5075_73.3351,2,4
6139,30.3041_70.9675,1,4
6144,30.8839_72.9351,1,4
6146,30.8041_71.8561,1,4
6153,31.5427_73.3028,1,4
6156,31.4574_72.9675,1,4
6157,30.5163_72.2939,2,4
6158,31.1927_73.9675,2,4
6164,32.2575_72.3263,1,4
6165,30.1751_71.6764,1,4
6167,31.6074_71.0175,1,4
6175,31.8540_72.6561,1,4
6176,30.1927_72.7027,1,4
6177,30.1927_72.7027,1,4
6178,30.1927_72.7027,1,4
6180,30.2041_72.9061,1,4
6191,31.8162_72.5561,1,4
6207,31.3338_73.1851,1,4
6210,31.0075_73.1175,1,4
6211,31.5041_73.0561,1,4
6215,29.3041_71.5527,1,4
6218,30.0750_72.7439,1,4
6219,30.4926_72.4561,1,4
6220,31.2338_70.9440,1,4
6223,31.2338_70.9440,1,4
6227,30.8041_73.1851,1,4
6235,29.9041_70.6263,1,4
6237,30.2540_71.3061,1,4
6242,30.0574_71.3939,1,4
6246,30.6074_72.9351,1,4
6249,30.4838_73.7263,1,4
6253,29.6162_72.2675,1,4
6254,30.2074_72.3561,1,4
6262,30.8074_72.3351,1,4
6268,30.0926_72.4439,1,4
6270,30.2074_72.6763,2,4
6273,30.5040_72.2527,1,4
6280,30.8927_71.8675,1,4
6282,30.8041_72.3351,1,4
6285,32.1750_72.8561,1,4
6286,30.8574_74.0175,1,4
6287,30.8574_74.0175,1,4
6299,31.3426_73.3439,1,4
6301,30.2074_70.9561,1,4
6302,30.2074_70.9561,1,4
6304,31.0163_73.9939,1,6
6308,30.2540_73.0561,1,4
6309,30.2540_73.0561,2,4
6314,29.6338_72.3263,1,4
6318,31.1839_73.8561,2,4
6319,31.1839_73.8561,2,4
6321,30.4574_72.6527,1,4
6323,30.4541_73.2027,1,4
6328,31.1839_72.2439,1,4
6331,29.8074_71.4352,1,4
6334,30.4541_72.6527,1,4
6346,29.3041_71.5561,1,4
6351,30.4251_72.3527,1,4
6352,30.4251_72.3527,1,4
6353,30.4251_72.3527,1,4
6356,31.9041_72.4027,1,4
6362,30.5838_72.8939,1,4
6374,30.1250_71.6027,2,4
6377,30.9075_73.0027,2,4
6403,30.1074_71.4061,1,4
6404,30.1074_71.4061,1,4
6408,31.7575_72.4561,1,4
6412,31.2041_72.7263,1,4
6421,31.6339_71.0439,1,4
6422,31.4750_73.1027,1,4
6425,30.6663_72.0527,1,4
6430,30.2575_72.4561,1,4
6431,30.2575_72.4561,1,4
6432,30.4838_70.9528,1,4
6433,30.0574_72.2028,1,4
6434,29.7751_71.9061,1,4
6435,31.4540_72.6263,1,4
6439,31.3663_72.8351,1,4
6448,29.5750_71.9175,1,4
6455,29.9574_71.3561,1,4
6470,29.8839_72.8439,1,4
6471,30.7839_70.9175,2,4
6477,32.0750_71.3351,1,4
6483,29.4541_70.9561,1,4
6484,29.4541_70.9561,1,4
6486,29.7751_71.5561,1,4
6491,31.4338_72.4351,1,4
6492,30.6074_73.2027,1,4
6493,30.6074_73.2027,1,4
6499,31.6662_73.0561,1,4
6501,31.5251_72.1061,1,4
6504,30.5163_72.1263,2,4
6507,31.3839_72.4061,1,4
6516,30.3162_71.9027,1,4
6522,31.6040_73.5027,1,4
6525,30.5075_73.5061,1,4
6526,30.5075_73.5061,1,5
6529,30.6040_72.9439,1,4
6530,30.6040_72.9439,1,4
6532,30.2575_73.0528,1,4
6533,30.2575_73.0528,2,4
6534,30.2575_73.0528,1,4
6535,30.2575_73.0528,1,4
6538,31.4074_73.5263,1,4
6542,30.0541_70.9561,1,4
6544,30.7663_73.2939,1,5
6547,31.4750_73.3561,1,4
6549,29.8540_72.0061,1,4
6551,31.8074_72.5527,1,4
6553,31.0541_72.9851,2,4
6554,29.2250_71.5527,1,4
6560,30.9041_73.3263,1,4
6561,30.9041_73.3263,1,4
6562,30.9041_73.3263,1,4
6563,30.9041_73.3263,1,4
6567,30.8927_72.9263,1,4
6568,31.0040_73.7263,1,4
6569,31.0040_73.7263,1,4
6570,31.4074_73.7527,2,4
6571,31.4074_73.7527,2,4
6573,29.9750_71.9763,1,4
6574,29.9838_70.6561,1,4
6588,31.5075_73.3263,2,4
6592,30.1663_71.6764,1,4
6593,30.2162_71.5439,1,5
6598,29.8574_71.1061,1,4
6599,30.4750_73.3851,1,4
6600,30.8074_72.2851,1,4
6602,29.7540_72.1061,1,4
6605,30.9041_73.7027,1,4
6606,29.2540_72.6027,1,4
6609,31.9162_73.0561,1,4
6613,32.3575_72.6351,1,4
6614,31.6074_73.6939,1,4
6615,31.6074_73.6939,1,6
6616,29.8662_70.5351,1,4
6617,30.2540_72.4561,1,4
6618,30.2540_72.4561,1,4
6619,30.8338_72.4027,1,4
6626,29.2575_71.3439,1,4
6628,30.0075_72.4351,1,4
6629,30.3574_73.0263,1,4
6632,30.6541_73.2561,1,4
6636,29.6040_72.2263,1,4
6637,30.2426_73.0939,2,4
6649,30.0251_72.2527,1,4
6653,30.9041_72.7263,1,4
6654,30.9041_72.7263,1,4
6655,30.9041_72.7263,1,4
6657,29.4251_71.7028,1,4
6665,30.5574_72.1027,2,4
6670,30.0251_70.6940,1,4
6671,30.0541_72.5263,1,4
6672,30.0541_72.5263,1,4
6675,30.7250_72.3061,1,4
6683,30.5075_73.3351,1,4
6685,31.5541_71.0561,1,4
6689,30.2250_72.6561,1,4
6692,31.2041_70.9440,2,4
6695,29.9750_71.8439,1,4
6697,29.9541_71.6675,1,4
6702,31.3751_73.1939,1,4
6706,31.3162_71.0263,1,4
6707,30.1040_72.0527,1,4
6713,31.3250_71.0263,1,4
6718,30.1575_72.9527,1,4
6722,30.6663_73.0027,1,4
6727,31.2041_73.9763,1,4
6732,31.8574_72.6527,1,4
6734,31.3663_72.8439,1,4
6735,30.0926_72.9351,1,4
6740,32.1662_71.4027,1,4
6743,30.4251_72.1351,1,4
6758,30.1250_72.6527,1,4
6763,31.0339_72.5561,1,4
6770,30.8839_71.8763,1,4
6776,31.3540_73.1175,1,4
6777,31.3540_73.1175,1,4
6780,30.3250_71.6351,1,4
6787,29.9075_70.6527,1,4
6790,31.9838_72.5527,1,4
6792,29.9574_71.6675,1,4
6799,31.0163_70.9352,1,4
6801,31.0163_70.9352,1,4
6805,30.6162_73.4527,1,4
6811,31.3074_73.0351,2,4
6814,30.0926_71.3939,1,4
6817,29.6839_71.2561,1,4
6822,30.8041_72.0527,2,4
6828,30.3574_71.5561,1,4
6829,30.3574_71.5561,1,4
6830,30.3574_71.5561,1,4
6832,30.1162_73.3351,1,4
6836,30.0251_71.4352,1,4
6837,30.4075_73.1027,1,4
6840,31.1839_72.7027,2,4
6841,31.1839_72.7027,1,4
6845,30.2663_72.8061,1,4
6846,29.5075_71.7263,1,4
6848,29.5075_71.7263,1,4
6853,31.5574_71.0439,1,6
6856,31.2338_72.2939,1,4
6862,30.0838_71.0675,1,4
6865,30.0574_72.1940,1,4
6871,31.2541_72.0439,1,4
6875,30.1162_73.3028,1,4
6876,29.8041_71.5561,1,4
6877,30.3250_72.1940,1,4
6881,30.0574_72.4061,1,4
6884,31.6427_73.0561,1,4
6890,31.1251_72.6027,2,4
6894,29.5662_71.0061,1,4
6895,29.5662_71.0061,1,4
6896,30.6541_73.6527,1,4
6898,31.8074_72.5763,1,4
6899,30.3074_73.1061,1,4
6904,31.8751_73.4527,1,4
6906,30.5251_72.7263,1,4
6909,30.8162_73.1675,1,4
6916,30.3041_73.0763,1,4
6918,31.5838_73.6351,2,4
6920,30.1040_71.3851,1,4
6921,30.1040_71.3851,1,4
6924,30.5574_72.1061,2,6
6925,30.1074_73.3028,1,4
6926,30.1074_73.3028,1,4
6927,31.1927_73.8763,2,4
6928,31.1927_73.8763,2,4
6929,29.7927_70.6561,1,4
6940,29.7663_72.4061,1,4
6945,30.7540_71.8027,1,4
6946,31.0750_73.1351,1,4
6947,31.0750_73.1351,1,4
6957,30.2041_72.3527,1,4
6960,31.9574_72.4439,1,4
6961,31.2338_70.9528,1,4
6962,30.0075_72.4439,1,4
6979,31.9162_72.6061,1,4
6981,29.2575_71.3351,1,4
6982,30.3041_73.1061,1,4
6994,31.9574_72.9027,1,4
6995,31.9574_72.9027,1,4
6996,30.1074_73.3061,1,4
6997,30.1074_73.3061,1,4
7000,30.6575_73.6527,1,4
7007,30.0750_71.3763,1,4
7013,30.4574_72.7439,1,4
7017,30.8074_73.5263,2,4
7018,30.8074_73.5263,1,4
7019,30.8074_73.5263,1,4
7027,30.7074_73.4561,1,4
7029,31.1839_72.5851,1,4
7030,30.3426_72.7851,1,4
7034,31.3839_73.1939,1,4
7035,31.7040_73.4351,1,4
7036,30.4574_72.5527,1,4
7037,30.7041_72.5527,1,4
7048,32.1075_73.0851,1,4
7059,31.1751_73.8561,2,4
7060,31.1751_73.8561,2,4
7063,30.1751_72.7527,1,4
7065,30.9926_73.8527,1,4
7070,29.2250_72.3439,1,4
7083,31.6163_71.0027,1,4
7088,30.2575_73.1561,1,4
7092,31.6427_71.1561,1,4
7094,29.8074_70.7263,1,4
7097,31.4540_72.9561,1,4
7100,30.6541_73.5561,1,4
7104,31.3074_72.3561,1,4
7105,31.3074_72.3561,1,4
7106,31.3074_72.3561,1,4
7107,31.3074_72.3561,1,4
7108,31.7575_73.5939,1,4
7110,30.8574_73.9939,1,4
7112,29.3338_71.5561,1,4
7114,29.6040_71.6027,1,4
7117,31.9041_72.3061,2,4
7122,31.0040_73.9439,1,4
7128,30.8250_72.0561,1,4
7131,30.9041_73.3175,1,4
7138,29.2426_71.4175,1,4
7139,30.6040_73.3439,1,4
7147,31.0075_73.1061,1,4
7149,31.4074_72.4351,1,4
7158,31.8574_71.1175,1,4
7161,29.2250_71.5561,1,4
7162,30.1575_73.1939,1,4
7164,29.6074_71.8763,1,4
7165,31.2041_72.3351,1,4
7166,30.4163_72.1439,1,4
7171,29.9838_71.9851,1,4
7172,30.8839_73.0851,2,4
7177,30.7575_73.8263,1,4
7181,30.4838_73.3851,1,4
7184,31.3074_72.9561,1,4
7185,31.5075_73.0351,1,4
7188,31.5075_73.0351,1,4
7189,31.4041_72.9351,1,4
7191,29.5750_71.0027,1,4
7192,29.5750_71.0027,1,4
7199,30.9163_73.8263,2,4
7206,30.0574_70.9528,1,4
7208,29.4838_71.6027,1,4
7213,30.0838_72.9263,1,4
7217,32.2839_72.9263,2,4
7225,31.4838_72.5027,1,4
7226,30.5339_72.2175,1,4
7235,32.0574_71.3561,1,4
7240,30.1040_73.3263,1,4
7244,31.2041_70.9561,1,4
7245,30.2074_72.9061,1,4
7246,30.2074_72.9061,1,4
7250,30.6575_74.0175,1,4
7251,29.2426_71.4061,1,4
7265,30.2041_73.2527,1,4
7268,31.2751_72.3527,1,4
7269,31.2751_72.3527,1,4
7271,31.9540_71.6561,1,4
7278,30.2338_72.6527,1,4
7280,30.4926_73.7351,1,4
7282,30.5750_71.9352,1,4
7283,31.0541_73.1351,2,4
7286,30.6339_73.0939,2,4
7287,30.0574_72.5263,1,4
7288,30.0574_72.5263,1,4
7295,31.3162_72.6175,1,4
7297,31.3162_70.9851,1,4
7302,31.4162_72.9263,1,4
7304,30.3041_73.0851,1,4
7305,29.6338_72.3351,1,4
7306,29.8927_71.3263,1,4
7309,30.2839_73.1061,1,4
7317,31.3162_72.5763,1,4
7318,31.3162_72.5763,1,4
7321,31.5427_73.3061,1,4
7325,30.0040_70.9851,1,4
7335,30.3540_73.2061,1,4
7336,32.2250_71.8527,1,4
7337,29.7839_71.5561,1,4
7340,30.2338_73.0939,2,4
7343,30.0574_71.6527,1,4
7344,30.0574_71.6527,2,4
7347,31.8574_72.6561,1,4
7348,30.1040_73.3028,1,4
7350,31.2541_73.4561,1,4
7353,31.2426_72.0527,1,4
7357,31.2541_73.5439,1,4
7361,29.5163_71.8263,1,4
7362,30.0040_71.1439,1,4
7363,31.1162_72.0439,1,4
7366,30.0075_70.9939,1,4
7369,30.6541_72.6527,1,4
7370,30.4163_72.7027,1,4
7373,31.5163_73.3939,1,4
7379,32.0041_72.6061,2,4
7380,32.0041_72.6061,2,4
7388,30.0926_72.4561,1,4
7391,29.6250_72.2675,1,4
7392,29.1541_71.8263,1,4
7393,29.2338_71.5561,1,4
7396,30.4838_73.3939,1,4
7398,32.2751_72.5851,1,4
7399,29.7074_72.5027,1,4
7405,30.0750_71.9440,1,4
7407,30.9541_72.4939,1,4
7409,29.5541_71.6351,1,4
7411,31.5041_73.0351,1,4
7416,31.2663_73.0263,2,4
7422,29.8041_71.0027,1,4
7423,29.3426_71.5527,1,4
7434,29.9541_71.4528,1,4
7435,30.9075_72.6263,1,4
7440,30.1074_73.3351,1,4
7442,29.8574_71.7028,1,4
7446,31.3540_70.9939,1,4
7452,30.4163_73.0939,1,4
7456,29.2575_71.5561,1,4
7457,30.3927_71.8527,1,4
7458,30.8574_72.2439,1,4
7465,30.6751_73.2263,1,4
7466,29.8074_70.9939,1,4
7467,30.9041_73.0027,2,4
7471,31.3162_73.0561,1,4
7473,29.4662_71.4528,1,4
7474,29.9251_72.1061,1,4
7476,29.7575_70.6061,1,4
7477,31.4750_73.0351,1,4
7483,32.1075_71.2439,1,4
7484,32.1075_71.2439,1,4
7486,31.4838_73.1763,1,4
7487,31.4838_73.1763,1,4
7492,30.4339_72.3675,1,4
7495,31.3540_73.4351,2,4
7502,30.9574_73.8175,1,4
7503,30.3250_70.9561,1,4
7505,29.9541_71.4561,1,4
7506,30.1074_71.6027,1,4
7507,30.1074_71.6027,1,4
7508,30.1074_71.6027,2,4
7511,29.2338_72.3763,1,4
7512,32.1838_72.8527,1,4
7513,30.2575_73.1527,1,4
7516,32.2040_72.2527,2,4
7530,31.5163_73.3351,2,4
7531,31.5163_73.3351,1,4
7534,31.5163_73.0351,1,4
7541,30.0541_71.4939,1,4
7544,32.0041_72.6351,1,4
7548,30.2250_71.4061,2,4
7551,30.4075_71.6852,1,4
7565,31.3751_73.1851,1,4
7566,31.3751_73.1851,1,4
7581,29.8750_71.2851,1,4
7582,30.5427_72.9527,1,4
7587,30.1040_71.4061,1,4
7592,31.9250_72.6027,1,4
7595,30.2575_73.2527,1,4
7598,31.8663_71.1351,1,4
7599,31.0040_73.7527,1,4
7600,30.0541_71.8263,1,4
7611,30.6663_73.0061,1,4
7614,31.7541_71.1061,1,4
7616,30.3250_70.9528,1,4
7617,30.9574_72.5061,1,4
7618,30.9574_72.5061,1,4
7619,30.9574_72.5061,1,4
7623,30.1250_71.6061,1,4
7624,30.1250_71.6061,2,4
7628,31.3162_73.8028,2,4
7633,30.3426_71.8027,2,4
7636,30.0838_71.3763,1,4
7637,29.6751_72.0527,1,4
7643,29.6040_71.6061,1,4
7644,29.6040_71.6061,1,4
7646,31.4750_72.5061,1,4
7648,29.4838_71.6061,1,4
7652,29.1541_71.8175,1,4
7653,30.8041_72.0561,2,4
7665,31.3041_72.9527,1,4
7674,30.4041_73.0351,2,4
7675,30.4041_73.0351,1,4
7676,30.4041_73.0351,1,4
7683,31.5075_73.3439,1,4
7685,31.3751_73.0263,1,4
7689,31.6339_72.3351,2,4
7691,29.8074_71.8263,1,4
7692,30.3041_73.8561,1,4
7694,30.5838_72.8851,1,4
7697,31.8074_72.9027,1,4
7698,31.0574_72.9851,2,4
7706,31.0339_73.8175,1,4
7710,31.0427_73.7439,1,4
7711,30.0750_71.0263,1,4
7719,29.8750_72.0061,1,4
7721,29.7426_71.0527,1,4
7732,31.8663_71.1263,1,4
7736,30.1839_72.7061,1,4
7737,30.1839_72.7061,1,4
7738,30.1839_72.7061,1,4
7743,30.0251_70.6763,1,4
7746,29.1575_71.8263,1,4
7747,29.5541_71.6263,1,4
7753,29.9838_71.1351,1,4
7757,31.5075_73.0528,1,4
7758,31.5541_71.0527,1,4
7759,31.5541_71.0527,1,4
7766,30.6927_73.6561,1,4
7769,30.6663_73.2351,1,4
7774,31.0040_70.9561,1,4
7776,30.3338_72.7851,1,4
7777,29.6427_72.3351,1,4
7781,30.8074_72.0561,2,4
7782,32.0251_72.6561,2,4
7783,30.9339_70.9528,1,4
7791,29.6074_71.5939,1,4
7795,30.1162_71.6027,1,4
7796,30.1162_71.6027,1,4
7797,30.1162_71.6027,2,4
7803,30.4041_72.2527,1,4
7808,31.9074_72.6351,1,4
7809,31.2074_72.3527,1,4
7812,31.0574_72.6061,1,5
7817,30.2041_72.2439,1,4
7823,30.1541_73.5561,1,4
7824,30.7074_72.3027,1,4
7825,31.2839_72.7763,1,4
7827,31.5041_73.0439,1,4
7828,31.5041_73.0439,1,4
7833,31.4574_72.9561,1,4
7836,30.3041_71.9027,1,4
7837,29.9251_72.6263,1,4
7851,32.2250_72.3027,1,4
7855,31.5075_73.3939,1,4
7857,29.4750_71.6061,1,4
7874,30.4427_70.9528,1,4
7879,31.1751_73.9675,1,4
7880,30.9662_70.6852,1,4
7881,30.9662_70.6852,1,4
7885,32.1427_71.2561,1,4
7890,29.6541_71.0351,1,4
7893,31.3574_73.4351,2,4
7895,30.4541_72.6561,1,4
7897,31.4750_72.5027,1,4
7899,31.4750_72.9527,2,6
7903,30.4926_73.7263,1,4
7905,30.9541_73.3061,1,4
7912,29.6162_72.2763,1,4
7914,30.6251_73.6061,1,4
7915,30.6251_73.6061,1,4
7920,30.0838_72.4439,1,4
7924,30.8041_72.2851,1,4
7926,29.9251_70.6527,1,4
7928,30.9838_73.9561,1,4
7930,31.2074_72.3263,1,4
7943,30.1339_72.6561,1,4
7947,31.3574_73.1175,1,4
7948,31.3574_73.1175,1,4
7951,31.8162_72.5527,1,4
7958,30.3540_73.0263,1,4
7960,29.8927_72.8439,1,4
7962,30.3074_73.0263,1,4
7966,30.0574_71.3561,1,4
7972,32.2074_71.3061,1,5
7973,32.2074_71.3061,1,4
7978,29.7074_71.6764,1,4
7985,30.2074_72.2439,1,4
7988,30.7575_71.0175,2,4
8003,29.5574_71.3561,1,4
8004,31.6251_71.0027,1,4
8010,29.9662_70.9763,1,4
8011,29.5075_71.1263,1,4
8015,30.1162_71.6061,1,4
8016,30.1162_71.6061,1,4
8020,30.9750_72.4351,1,4
8023,30.6839_71.7351,1,4
8031,31.3074_73.8028,1,4
8032,31.3074_73.8028,2,4
8040,29.8041_70.9939,1,4
8050,29.7575_70.6027,1,4
8052,30.3426_73.3439,1,4
8064,32.0662_71.3263,1,4
8068,31.7040_73.4439,1,4
8077,32.0574_72.3527,1,4
8080,30.6575_73.2527,1,4
8086,30.0339_72.3763,1,4
8089,29.7839_70.6527,1,4
8094,32.0339_72.5851,1,4
8095,29.7250_71.4061,1,4
8100,30.2540_73.1527,1,4
8104,30.3338_72.7939,1,4
8106,29.5251_71.8263,1,4
8108,32.2040_72.2561,2,4
8123,31.0838_73.1439,1,4
8127,31.3074_73.4939,1,4
8128,31.3074_73.4939,1,4
8130,31.3074_73.4939,1,4
8145,31.2575_73.0263,2,4
8148,31.2074_72.7175,1,4
8151,31.0662_72.2351,1,4
8154,30.9574_70.6852,1,4
8155,30.9574_70.6852,1,4
8156,30.9574_70.6852,1,4
8158,32.0541_72.3561,1,4
8161,29.7250_72.1561,1,4
8163,30.5574_72.8351,1,4
8164,30.5574_72.8351,1,4
8168,30.6575_73.0027,1,4
8175,31.0662_73.1439,1,4
8182,31.3663_73.0351,1,4
8186,30.4041_73.5263,2,4
8188,29.4838_71.6527,1,4
8193,29.8574_70.6439,1,4
8197,30.2250_71.4027,2,4
8198,30.4541_72.4561,1,4
8200,29.6575_71.9440,1,5
8202,29.5662_70.8561,1,4
8208,30.0574_71.5027,1,4
8215,30.9574_73.7675,1,4
8221,31.2074_73.9675,1,4
8227,30.2074_72.2351,1,4
8232,30.0541_72.5351,1,4
8233,30.0541_72.5351,1,4
8243,29.8074_71.8527,1,4
8248,30.8574_72.2561,1,4
8249,30.1541_73.1851,1,4
8251,30.1663_72.7351,1,4
8253,30.6751_71.7351,1,4
8254,31.1040_73.7527,1,4
8258,30.1162_73.3175,1,4
8265,29.5662_71.1527,2,4
8266,29.5662_71.1527,2,4
8271,31.3540_73.3028,2,4
8278,31.0251_72.5561,1,4
8279,30.4339_72.3763,1,4
8283,31.2338_73.6263,1,4
8284,29.6839_72.0027,1,4
8285,30.2575_72.3061,1,4
8287,31.2663_73.4561,1,4
8288,29.4339_71.7527,1,4
8294,30.0163_71.1763,1,4
8295,31.5541_71.0263,1,4
8300,32.0075_72.6263,1,4
8301,32.0075_72.6263,1,4
8304,31.3074_73.5027,1,4
8306,31.0662_72.6061,1,5
8307,30.6074_73.5939,1,4
8321,31.2575_73.5351,1,4
8324,29.5075_71.1351,1,4
8325,32.0750_71.3263,1,4
8327,29.8574_72.8351,1,4
8330,30.7839_73.4763,2,4
8339,30.9041_72.5061,2,4
8340,29.8839_71.9264,1,4
8342,30.6162_73.6027,1,4
8352,30.4075_71.8763,1,4
8356,29.5251_71.6175,1,4
8361,29.6751_72.0561,1,4
8366,30.3750_73.2851,1,4
8384,30.1074_71.3851,1,4
8385,30.1074_71.3851,1,4
8386,30.9838_73.7940,1,4
8387,30.5750_73.8561,2,5
8391,31.1541_72.1061,1,4
8395,30.2074_73.2439,1,4
8403,32.1574_73.0027,1,4
8405,31.0541_72.7561,1,4
8408,31.4838_73.1561,2,4
8409,31.4838_73.1561,1,4
8411,31.0662_72.2263,1,4
8414,30.6040_73.2061,1,4
8416,32.2074_72.5351,1,4
8417,29.4574_70.9528,1,4
8418,29.4574_70.9528,1,4
8428,32.1750_71.4027,1,4
8430,30.2041_72.8439,1,4
8432,31.0075_72.4439,1,4
8438,31.0163_70.9440,1,4
8441,31.0163_70.9440,1,4
8450,30.7074_72.5939,2,4
8455,31.5339_73.3028,1,4
8458,31.0075_73.9763,1,4
8463,31.9074_72.4027,1,4
8464,31.3574_73.3061,2,4
8469,30.1427_72.3561,1,4
8471,30.0075_71.1439,1,4
8474,31.8162_72.7939,1,4
8475,30.9041_72.7351,1,4
8477,30.0251_70.9528,1,4
8479,30.9075_73.7061,1,4
8492,31.2074_72.9675,1,4
8495,31.0040_70.9263,1,4
8496,31.0040_70.9263,1,4
8497,31.1427_73.5061,2,4
8498,30.4574_73.6527,1,4
8499,30.4574_73.6527,1,4
8500,30.6575_73.2561,1,4
8502,32.1838_72.8561,1,4
8504,31.0662_73.1351,1,4
8505,31.0662_73.1351,1,4
8506,30.4041_71.6764,1,4
8517,31.2041_72.6439,2,5
8518,31.2041_72.6439,2,4
8523,31.1074_73.1027,1,4
8524,31.0075_73.9439,1,4
8532,29.9163_71.5439,1,4
8537,31.5339_73.2527,1,4
8539,30.9075_72.7763,1,4
8540,31.1040_73.1061,1,4
8547,29.8839_71.9352,1,4
8548,31.1541_72.1027,1,4
8549,31.1541_72.1027,1,4
8552,31.3574_70.9851,1,4
8553,31.5251_72.1027,1,4
8555,30.9041_72.6263,1,4
8557,30.4163_73.1061,1,4
8565,29.6074_71.8561,1,4
8566,31.5750_71.0027,1,4
8573,31.0075_70.9263,1,4
8574,31.0075_70.9263,1,4
8575,29.5574_71.2061,1,4
8581,30.9541_73.4527,1,4
8583,30.2540_73.2527,1,4
8584,30.2540_72.3061,1,4
8585,31.5427_72.1027,1,4
8599,30.0075_72.4561,1,4
8601,30.3074_72.4527,1,4
8602,30.3750_72.6027,2,4
8603,30.4427_70.9561,1,4
8605,30.7540_73.8175,1,4
8607,30.4427_73.7175,1,4
8608,30.4427_73.7175,1,4
8617,30.0163_71.4264,1,4
8619,29.8041_72.6027,1,4
8620,30.8041_72.3439,1,4
8622,29.6575_71.0263,1,4
8629,31.7751_72.9061,1,4
8632,32.3041_71.9061,1,4
8633,30.0163_70.7061,1,4
8634,31.5574_71.0561,1,4
8635,30.0075_70.9851,1,4
8636,32.1541_71.3027,1,4
8641,30.2162_72.9061,1,4
8643,29.6074_71.7675,1,4
8646,31.5163_73.8561,1,4
8647,29.8540_71.5061,1,4
8648,29.8540_71.5061,1,4
8651,30.0251_71.4264,1,4
8653,29.8750_71.2763,1,4
8662,30.3574_73.2851,1,4
8663,30.5040_73.5061,1,4
8664,30.5040_73.5061,1,5
8666,29.2338_71.4061,1,4
8667,31.9574_72.4527,1,4
8672,30.1162_72.5263,1,4
8673,30.7074_72.4763,1,4
8674,30.2575_73.6851,1,4
8677,30.0163_70.7028,1,4
8678,29.7074_72.4939,1,4
8685,30.9075_73.3351,1,4
8698,30.3338_72.1852,1,4
8705,32.0541_71.3561,1,4
8706,31.3338_73.3439,1,4
8707,31.5662_73.7027,1,4
8710,31.0427_73.8527,1,4
8715,31.1839_72.2527,1,4
8716,31.4662_73.0939,1,4
8722,30.0541_72.4027,1,4
8724,31.1074_73.1061,1,4
8725,30.3927_73.1763,1,4
8730,31.0075_73.1351,1,4
8732,30.6541_73.2527,1,4
8738,29.8338_72.8027,1,4
8740,30.9541_73.3028,1,4
8741,31.4662_73.1027,1,4
8743,29.6427_72.3263,1,4
8745,30.9541_73.4561,1,4
8754,30.4541_72.0263,1,4
8755,30.4541_72.0263,1,4
8756,29.6162_71.8763,1,4
8759,31.3250_71.0175,1,4
8765,31.3041_72.9561,1,4
8768,30.4041_71.8851,1,4
8770,30.5339_72.7263,1,4
8772,30.5339_72.7263,1,4
8779,29.9163_70.6527,1,4
8781,30.4838_72.4561,1,4
8797,30.6074_72.9439,1,4
8798,30.6074_72.9439,1,4
8800,30.8574_73.9675,1,4
8801,30.4662_73.4939,1,5
8803,30.4041_73.5175,2,4
8807,31.6541_73.0561,1,4
8813,31.4041_72.9439,1,4
8816,30.9041_71.8061,1,4
8821,31.3574_73.1263,1,4
8822,31.3574_73.1263,1,4
8824,31.1251_73.9351,2,4
8826,29.2540_72.5939,1,6
8827,30.7074_73.2763,2,4
8828,30.6663_73.2263,1,4
8829,30.3162_73.0263,1,4
8833,30.8540_72.2439,1,4
8840,29.6040_71.7675,1,4
8842,30.6251_73.4527,1,4
8845,30.9075_72.7851,1,4
8846,30.9075_72.7851,1,4
8847,31.4250_72.4351,1,4
8849,30.6074_70.9175,1,4
8850,30.6074_70.9175,1,4
8851,29.8074_71.0027,1,4
8868,30.9750_73.8561,1,4
8871,30.9750_73.8561,1,4
8875,29.8574_71.5527,1,4
8876,31.5574_73.7061,1,4
8882,31.4838_73.0528,1,4
8887,30.1074_71.4027,1,4
8888,30.1074_71.4027,1,4
8892,30.0574_73.3061,1,4
8896,29.3838_71.6263,1,4
8907,30.9163_70.9851,1,4
8908,29.8426_72.8027,1,4
8913,29.5574_71.1561,2,4
8914,29.5574_71.1561,2,4
8917,30.8426_73.5528,2,4
8918,29.6040_71.5939,1,4
8925,30.0574_73.1851,1,4
8926,30.0574_73.1851,1,4
8930,31.0075_70.9528,1,4
8931,31.0075_70.9528,1,4
8934,29.8250_72.1940,1,4
8937,30.2041_72.3561,1,4
8941,30.2338_72.6561,1,4
8946,31.5541_71.0439,1,6
8948,31.5574_72.2851,1,4
8951,30.4838_70.9561,1,4
8952,29.9838_71.9763,1,4
8953,30.3074_73.1027,1,4
8957,31.0574_72.9175,2,4
8960,32.2250_72.3061,1,4
8964,30.1575_73.5561,1,4
8965,29.5163_71.6175,1,4
8966,30.5075_72.2527,1,4
8968,31.4074_72.9439,1,4
8971,32.1574_71.3027,1,4
8972,30.6663_73.0175,1,4
8973,30.4541_73.2175,1,4
8979,32.0339_72.7851,1,4
8984,30.2575_73.0561,1,4
8985,30.2575_73.0561,2,4
8986,30.2575_73.0561,1,4
8987,30.2575_73.0561,1,4
8988,31.0075_73.9561,1,4
8994,32.1662_71.4061,1,4
8997,29.9251_70.6561,1,4
8999,31.9750_71.1675,1,4
9003,31.8041_72.9027,1,4
9011,29.6927_71.7061,1,4
9012,29.6927_71.7061,1,4
9022,30.0163_71.4352,1,4
9024,30.2426_72.3527,1,4
9026,30.4541_73.6527,1,4
9027,30.4541_73.6527,1,4
9029,30.0040_70.6940,1,4
9038,30.0662_71.9440,1,4
9039,30.0750_71.0675,1,4
9042,30.6251_73.0939,2,4
9045,30.4838_73.7351,1,4
9052,29.8540_72.8439,1,4
9062,31.4041_73.2263,1,4
9063,29.6162_71.0263,1,4
9065,30.0574_70.9561,1,4
9067,31.9838_72.5561,1,4
9080,30.6162_73.6061,1,4
9085,30.3074_71.9061,1,4
9086,30.3074_71.9061,1,4
9087,30.0838_71.0763,1,4
9088,30.0838_71.0763,1,4
9101,29.5339_71.6527,1,4
9105,30.5750_72.8939,1,4
9109,32.0041_72.6763,1,4
9110,30.9427_73.7940,2,4
9119,29.8074_71.4264,1,4
9120,29.2338_72.3439,1,4
9122,30.7041_72.5939,2,4
9123,32.2250_71.8561,1,4
9124,29.7839_71.9061,1,4
9126,30.0574_71.3527,1,4
9127,30.2041_73.1061,1,4
9129,30.2663_73.0561,1,4
9135,30.6040_70.9175,1,4
9136,30.6040_70.9175,1,4
9137,30.4163_72.1351,1,4
9150,29.4750_71.4528,1,4
9151,30.1074_71.4264,1,4
9177,30.6541_73.6561,1,4
9178,30.5427_72.9439,1,4
9181,29.5750_70.8527,1,4
9183,31.3338_73.1763,1,4
9189,31.3338_73.1763,1,4
9190,29.5251_71.6027,1,4
9191,29.5251_71.6027,1,4
9193,32.2250_72.5061,1,4
9197,31.9074_72.8527,1,4
9198,32.3074_71.9061,1,4
9201,31.9540_71.7763,1,4
9202,31.9540_71.7763,1,4
9203,30.0541_71.1940,1,4
9205,30.4541_72.4527,1,4
9228,30.2663_72.8027,1,4
9230,30.3074_72.4561,1,4
9235,31.3574_70.9939,1,4
9242,30.7162_72.4675,1,4
9248,29.2162_72.7561,1,4
9249,30.3338_72.1940,1,4
9255,31.6163_73.7027,1,4
9259,32.1040_73.0939,1,4
9263,31.6427_71.1527,1,4
9267,30.7663_71.0175,2,4
9279,29.8540_70.6527,1,4
9280,30.2575_71.3061,1,4
9286,31.0075_73.9675,1,4
9296,30.0662_71.3939,1,4
9297,30.1074_72.0527,1,4
9299,31.5574_71.0175,1,4
9300,31.5574_71.0175,1,4
9302,31.7575_71.1061,1,4
9304,30.1074_71.6061,1,4
9307,29.3074_71.5561,1,4
9308,31.3574_73.4439,2,4
9323,32.2575_72.3175,2,4
9330,30.9750_71.9561,1,4
9332,30.7041_73.3439,1,4
9342,30.2338_71.4027,2,4
9343,30.0662_71.0175,1,4
9344,29.4662_71.4440,1,4
9354,30.4339_72.3439,1,4
9356,31.7541_73.5939,1,4
9360,31.4338_72.4439,1,4
9365,30.6074_73.3561,1,4
9372,30.4251_72.7027,1,4
9373,31.1074_73.7527,1,4
9374,31.1074_73.7527,2,4
9375,31.1074_73.7527,1,4
9377,29.2426_72.3763,1,4
9383,29.7839_72.7027,1,4
9385,30.5662_70.9263,1,4
9386,30.5662_70.9263,1,4
9396,30.8162_73.5351,1,4
9407,29.7041_71.6675,1,4
9411,31.2074_70.9561,1,4
9419,30.9838_73.9061,1,4
9424,30.8839_73.0939,2,4
9428,30.4339_72.6527,1,4
9430,29.2338_72.3527,1,4
9431,30.1040_71.4027,1,4
9438,29.6040_72.2175,1,4
9445,31.1541_73.3527,2,4
9446,29.4574_71.4352,1,4
9460,31.0075_73.7561,1,6
9461,31.4162_73.7561,2,4
9467,31.0075_74.0061,1,4
9469,30.1074_73.3263,1,4
9470,30.1074_73.3263,1,4
9471,30.8540_72.2561,1,4
9477,31.4662_73.0351,1,4
9480,30.0838_71.3939,1,4
9490,31.0075_73.5351,2,4
9493,29.8074_72.6061,1,4
9498,29.9041_72.3561,1,4
9499,30.0750_71.4175,2,4
9500,31.3540_72.8439,1,4
9501,30.4574_73.2027,1,4
9502,30.6040_73.5939,1,4
9521,29.7162_71.4027,1,4
9529,30.8041_72.2939,1,4
9540,30.9541_73.7763,1,4
9542,30.3074_73.8561,1,4
9543,29.4251_71.7527,1,4
9546,30.9574_73.8061,2,6
9551,32.0574_72.4763,1,4
9552,29.7162_72.5027,1,4
9558,30.3074_73.0175,1,4
9559,30.3074_73.0175,1,4
9566,32.0251_72.8061,1,4
9567,31.2541_70.9027,2,4
9569,31.8839_73.4527,1,4
9573,29.6541_71.9528,1,4
9574,29.6541_71.9528,1,4
9579,30.4574_73.6561,1,4
9581,30.4574_73.6561,1,4
9583,29.5662_71.3763,1,4
9589,29.8839_72.5527,1,4
9591,30.3927_73.1675,1,4
9596,30.8839_72.9263,1,4
9597,31.4750_71.0351,2,4
9614,30.3574_72.3675,1,4
9616,30.0075_71.1561,1,4
9618,30.3074_73.0675,1,4
9630,30.9075_73.3263,1,4
9631,30.9075_73.3263,1,4
9633,30.9075_73.3263,1,4
9634,30.9075_73.3263,1,4
9641,31.0574_72.7561,1,4
9648,30.2540_73.6851,1,4
9649,30.9339_73.8028,2,4
9667,30.9041_72.5027,2,4
9673,31.0251_72.7027,1,4
9684,30.2338_72.3527,1,4
9686,30.8338_70.9528,1,5
9688,29.6541_71.9440,1,4
9691,30.0574_73.1675,1,4
9693,29.7839_71.9027,1,4
9694,31.9162_72.8763,1,4
9696,30.1040_71.3939,1,4
9697,30.1040_71.3939,1,4
9700,30.0662_73.1675,2,4
9705,30.7663_71.0061,1,4
9706,29.7751_72.7027,1,4
9712,30.0075_72.4527,1,4
9717,30.3839_71.7561,2,4
9724,32.2040_72.5263,1,4
9725,32.2040_72.5263,1,4
9728,32.2040_72.5263,1,4
9731,30.1162_73.3263,1,4
9732,30.1162_73.3263,1,4
9743,31.4838_72.0763,1,4
9745,31.4574_71.0027,1,4
9748,30.2162_72.9939,1,4
9749,30.7663_73.4439,1,5
9754,31.3751_73.4851,2,4
9755,29.6927_71.7028,1,4
9756,29.6927_71.7028,1,4
9758,30.9662_73.8263,1,4
9765,31.1751_73.9561,2,4
9770,29.8574_72.7851,1,4
9774,29.7162_72.1527,1,4
9778,30.2575_72.3027,1,4
9781,30.6074_73.6027,1,4
9786,30.2575_71.6675,1,4
9788,30.4075_73.5175,2,4
9791,30.3839_71.8527,1,4
9797,30.3540_73.2027,1,4
9798,30.3540_73.2027,1,4
9799,30.5574_70.9175,1,4
9801,32.2074_72.5263,1,4
9802,32.2074_72.5263,1,4
9805,32.2074_72.5263,1,4
9818,30.5251_72.7175,1,4
9833,30.9541_72.5027,1,4
9834,30.9541_72.5027,1,4
9836,29.5163_71.6263,2,4
9837,30.4163_73.1027,1,4
9839,31.3041_73.0528,2,4
9842,30.7074_73.4527,1,4
9846,30.3750_72.3527,1,4
9847,29.6250_72.2763,1,4
9848,31.5339_72.1061,1,4
9850,31.0574_72.9939,2,4
9855,31.9662_72.9061,1,4
9856,31.9662_72.9061,1,4
9858,31.3074_72.6263,1,4
9859,30.1250_72.8527,1,4
9864,30.4541_73.2263,1,4
9865,30.1751_72.7439,1,4
9868,31.2162_70.9440,1,4
9869,31.2162_70.9440,1,4
9880,30.5574_73.4527,1,4
9883,30.1541_72.1561,1,4
9893,30.6575_73.0263,1,4
9907,30.3750_72.3561,1,4
9910,30.7041_73.4527,1,4
9912,31.6251_70.9939,1,5
9914,30.0251_71.1852,1,4
9915,30.0251_71.1852,1,4
9916,30.7927_73.4561,1,4
9917,29.6839_72.0561,1,4
9919,31.9662_72.9027,1,4
9920,31.9662_72.9027,1,4
9930,30.3927_71.7561,2,4
9933,30.5541_72.8439,1,4
9934,30.5541_72.8439,1,4
9935,30.5541_72.8439,1,4
9942,30.5838_73.8527,2,5
9954,29.5574_71.4027,1,4
9956,31.9250_73.0561,1,4
9958,30.9075_72.4027,1,5
9959,30.9075_72.4027,1,4
9961,31.1251_73.9263,1,4
9962,31.1251_73.9263,2,4
9963,30.2927_73.1027,1,4
9965,29.5838_71.9175,1,4
9967,30.6074_73.3439,1,4
9970,32.2074_72.4763,1,4
9972,30.9838_72.4851,2,4
9975,30.9041_72.7763,1,4
9979,31.9926_72.5561,1,4
9983,31.4250_70.9939,1,4
9985,30.8540_73.9939,1,4
9986,31.4041_73.7527,2,4
9995,30.4838_72.7263,1,4
9996,30.4838_72.7263,1,4
9998,30.0541_71.6527,1,4
9999,30.0541_71.6527,2,4
10007,30.1250_72.8561,1,4
10019,30.7162_73.2763,2,4
10020,29.6575_71.0351,1,4
10022,31.5041_73.3028,1,4
10023,31.5041_73.3028,1,4
10026,29.6040_72.2351,1,4
10027,31.0251_73.8675,1,4
10038,31.5541_71.0175,1,4
10039,30.6575_73.2061,1,4
10041,30.0075_71.1763,1,4
10042,30.0075_71.1763,1,4
10043,31.9041_72.8439,1,4
10044,30.0339_72.2561,1,4
10047,30.3750_72.6061,2,4
10051,30.9041_72.4061,1,4
10057,30.9339_70.9561,1,4
10060,31.6541_73.0528,1,4
10063,29.2338_72.3851,1,4
10067,30.0075_72.7851,1,4
10070,32.1427_71.2527,1,4
10073,32.0541_71.7028,1,4
10074,31.0075_70.9352,1,4
10075,31.0075_70.9352,1,4
10076,31.0075_70.9352,1,4
10078,31.0075_70.9352,1,4
10080,29.5251_71.6527,1,4
10087,30.7540_73.7940,1,4
10089,30.8574_72.2527,1,4
10097,31.2074_72.3439,1,4
10098,30.7575_71.0561,1,4
10099,30.7575_71.0561,1,4
10100,31.5662_73.7061,1,4
10105,31.5251_73.0561,1,4
10117,29.6162_71.0175,1,4
10126,31.4662_71.0351,2,4
10128,31.1839_73.8675,2,4
10139,30.7041_73.3351,1,4
10140,29.7927_71.0527,1,4
10145,31.6163_70.9939,1,5
10146,29.6250_71.9561,1,4
10147,30.9041_72.7175,1,4
10151,29.8574_71.5263,1,4
10152,30.2338_72.3561,1,4
10154,29.8540_70.6439,1,4
10156,30.2250_72.6527,1,4
10157,30.6575_72.6527,1,4
10165,31.8540_71.1263,1,4
10168,30.3839_71.7527,2,4
10174,31.1751_72.5851,1,4
10179,30.8338_72.4061,1,4
10185,29.8927_72.8351,1,4
10186,31.2074_70.9528,2,4
10188,31.3041_73.0561,2,4
10191,30.0574_71.4027,1,4
10193,29.2540_71.3351,1,4
10206,32.0574_71.3527,1,4
10217,29.9075_70.9561,1,4
10218,30.5251_72.2939,2,4
10219,30.5838_73.8561,2,5
10220,30.2074_72.8439,1,4
10221,31.2074_73.9763,1,4
10223,30.8927_73.0939,2,4
10224,31.2839_72.7851,1,4
10231,30.0040_71.1561,1,4
10236,29.8041_71.4061,1,4
10237,29.3540_71.1763,1,4
10240,30.3074_70.9763,1,4
10241,31.2074_72.9763,1,4
10242,31.0574_72.2263,1,4
10243,30.1663_72.9527,1,4
10246,29.5574_71.2028,1,4
10248,32.1339_71.2561,1,5
10249,32.1339_71.2561,1,4
10251,30.0574_73.1561,1,5
10252,30.0574_73.1561,1,4
10257,29.1575_71.8175,1,4
10258,30.4075_73.0939,1,4
10270,30.1040_72.5263,1,4
10273,31.1839_72.7061,2,4
10282,30.0541_71.3561,1,4
10283,30.1927_72.7061,1,4
10284,30.1927_72.7061,1,4
10285,30.1927_72.7061,1,4
10295,30.8074_73.4851,1,4
10302,29.9574_71.6764,1,4
