label_id,patch_id,class,n_patches
1,31.4750_73.3851,1,1
3,29.5838_71.5561,1,1
8,30.1427_70.8939,1,1
9,32.0750_72.2675,1,1
10,32.0750_72.2675,1,1
11,30.4926_73.7175,1,1
14,30.6339_72.3439,1,1
19,29.3662_71.2675,1,1
31,30.2927_72.6351,1,1
32,29.7250_72.3061,1,1
38,29.3750_71.6175,1,1
42,32.1163_72.3763,1,1
51,31.6541_73.2561,2,1
55,31.1663_72.6763,2,1
56,29.8162_71.8061,1,1
59,30.9163_70.9352,1,1
63,30.5040_72.6561,1,1
67,30.6751_73.4175,1,1
68,30.3250_70.9763,1,1
74,30.2751_73.6175,1,1
75,30.6040_73.8851,1,1
76,30.4163_71.8763,1,1
77,30.0163_71.7175,1,1
78,30.0163_71.7175,1,1
80,30.4251_70.9440,1,1
81,30.1162_71.5061,1,1
82,31.1541_72.8675,1,1
85,29.7839_70.5851,1,1
98,30.0075_71.1675,2,1
101,29.8839_70.6263,1,1
106,29.8338_72.8351,1,1
109,30.1839_73.5675,1,1
114,30.2338_72.6675,1,1
117,31.4926_73.3175,2,1
126,30.3750_73.1675,1,1
131,32.3041_71.9939,2,1
137,31.9926_72.7263,1,1
139,31.6750_72.2561,1,1
141,31.2541_70.9675,1,1
142,31.2541_70.9675,1,1
163,30.0926_72.5263,1,1
166,31.6251_72.1061,1,1
174,30.4926_71.9352,1,1
181,29.6663_71.3675,1,1
182,29.6663_71.3675,1,1
193,29.1751_71.8763,1,1
204,30.2751_73.2175,1,1
206,31.2839_72.0439,1,1
210,30.4427_73.0263,1,1
218,30.2426_72.6527,2,1
222,31.3162_72.9175,2,1
223,29.8338_71.6263,1,1
232,30.4339_71.6439,1,1
234,30.2839_73.2851,1,1
238,29.7250_71.2675,1,1
240,31.0339_73.8675,2,1
248,29.7839_71.6061,1,1
258,30.9251_72.4263,1,1
264,31.9926_71.9939,1,1
265,29.8662_70.6940,1,1
268,30.0251_72.0675,1,1
278,31.2426_73.0351,1,1
282,30.1575_72.7675,2,1
293,31.1427_73.5175,2,1
305,30.3250_71.9939,1,1
307,29.8250_72.7175,1,1
309,31.2663_70.9175,1,1
314,29.7426_72.1940,1,1
330,29.7338_71.4763,1,1
332,31.5541_70.9939,1,1
342,30.8839_73.8939,1,1
343,31.5838_73.6175,2,1
345,31.2839_70.9675,1,1
346,31.2839_70.9675,1,1
351,31.3162_73.4175,1,1
353,31.0339_73.1175,1,1
354,31.0339_73.1175,1,1
356,29.5926_71.9175,1,1
357,29.5926_71.9175,1,1
367,29.6663_72.1263,1,1
368,29.6663_72.1263,1,1
371,29.6663_71.8439,1,1
372,30.0662_71.6940,1,1
376,29.8250_71.4264,1,1
384,29.9427_73.0175,1,1
390,29.6427_71.3675,1,1
391,29.6427_71.3675,1,1
392,32.0427_73.3851,1,1
393,31.3663_72.8175,2,1
394,31.3162_73.4263,2,1
395,31.3162_73.4263,1,1
399,31.1339_72.0939,1,1
402,30.1927_73.6439,1,1
403,30.1927_73.6439,1,1
404,29.2162_72.5763,1,1
418,30.1427_72.6763,1,1
421,31.8751_72.4175,1,1
422,30.3426_71.7675,1,1
423,31.0838_73.2439,2,1
426,30.4427_71.8175,1,1
428,30.1839_72.0851,1,1
432,30.0838_71.4440,1,1
441,31.8250_73.3675,1,1
443,29.9251_72.3175,1,1
451,32.3162_72.3561,1,1
452,30.9750_72.4675,1,1
453,30.9750_72.4675,1,1
457,29.2426_71.3939,1,1
475,29.5926_70.8851,1,1
476,29.3162_71.5175,1,1
494,30.7839_70.9263,1,1
495,30.7839_70.9263,1,1
497,31.2751_72.7675,1,1
501,29.5541_71.1763,1,1
503,32.2927_71.8851,1,1
505,30.1839_71.5939,1,1
509,29.9163_71.0763,1,1
516,32.2338_72.3061,1,1
527,31.3839_72.8263,1,1
540,30.3162_73.0675,1,1
543,29.8250_72.1527,1,1
569,30.8426_71.0675,1,1
570,30.2250_72.2351,1,1
571,29.8927_72.5061,1,1
581,29.5339_71.8175,1,1
586,29.9662_71.6351,1,1
590,29.5251_71.2263,1,1
602,30.0075_71.4175,1,1
603,30.0075_71.4175,1,1
616,32.3041_72.0939,2,1
620,29.2250_72.8061,1,1
621,30.6751_74.0263,1,1
627,31.5427_72.6175,1,1
633,31.2250_73.3675,1,1
635,31.7074_73.5439,1,1
637,30.7663_73.4561,1,1
642,30.2426_73.0675,1,1
645,30.1839_72.1061,1,1
652,30.5040_72.4939,1,1
661,29.7927_71.7763,1,1
671,31.7250_73.5939,1,1
676,31.2663_72.0439,1,1
687,31.3250_73.0561,1,1
688,31.3250_73.0561,1,1
692,30.8662_70.9440,1,1
693,30.8662_70.9440,1,1
698,31.1663_70.6439,1,1
699,30.2540_71.9939,1,1
702,31.7250_72.4175,1,1
705,30.1751_73.0561,1,1
712,30.7839_72.8763,1,1
716,29.8839_70.6561,1,1
717,29.8839_70.6561,1,1
724,30.3750_72.3263,2,1
725,30.2839_72.8675,2,1
748,30.7540_72.6439,1,1
753,31.8250_72.7851,1,1
754,30.7250_72.3675,2,1
755,30.9427_73.4675,1,1
756,30.9427_73.4675,1,1
757,29.7839_72.6675,2,1
759,29.8426_72.8351,1,1
760,29.8426_72.8351,1,1
761,29.8426_72.8351,1,1
764,30.0926_72.6061,1,1
767,31.1927_72.3439,1,1
774,31.8751_71.7763,1,1
777,30.7426_72.6763,1,1
778,30.1927_72.2175,1,1
780,29.9163_72.3439,1,1
784,30.5926_70.7351,1,1
793,31.4250_73.1851,1,1
808,30.6251_73.0351,1,1
826,31.4750_73.6439,1,1
831,29.9163_71.2851,1,1
833,29.8338_72.8061,1,1
835,30.2663_70.9763,1,1
843,31.5750_70.9939,1,1
845,31.6339_73.5939,2,1
848,31.0075_73.8175,1,1
850,29.3750_71.1763,1,1
856,31.8751_71.1351,1,1
860,29.8662_72.8439,1,1
861,31.5339_73.0439,1,1
862,30.1162_72.7351,1,1
869,30.4662_73.6175,1,1
870,30.4662_73.6175,1,1
893,31.2074_72.4675,1,1
898,32.2162_72.2527,1,1
905,31.5926_73.6763,1,1
917,29.8750_70.6439,1,1
918,29.8750_70.6439,1,1
919,31.5041_73.0675,1,1
923,31.2426_73.2527,2,1
933,30.1541_72.7851,1,1
938,32.0163_73.3439,1,1
944,31.8663_71.7263,1,1
947,30.4339_73.7263,1,1
951,29.5339_71.5061,1,1
952,31.0251_72.8175,1,1
961,30.2162_72.8439,1,1
967,30.8426_72.1061,2,1
973,31.5163_73.1675,1,1
985,32.3927_71.8939,2,1
992,30.4662_70.9440,1,1
995,31.2751_73.0939,2,1
996,29.6338_71.5439,1,1
1004,31.8540_73.2939,1,1
1016,30.3540_72.6175,1,1
1020,32.1750_72.9763,1,1
1023,30.2426_72.0263,1,1
1032,31.2041_73.9675,1,1
1033,31.2041_73.9675,1,1
1038,29.3041_71.3561,1,1
1046,30.3662_73.4175,1,1
1047,29.9251_70.7351,1,1
1051,30.7162_70.6852,1,1
1053,30.0163_72.6851,1,1
1054,30.0163_72.6851,1,1
1060,29.7162_72.2939,1,1
1062,30.5339_71.5561,1,1
1063,30.3162_73.8439,1,1
1069,30.6751_70.9440,1,1
1076,29.3662_71.5763,1,1
1079,32.3663_71.8175,1,1
1082,30.2751_72.3851,1,1
1085,30.1427_72.3263,1,1
1092,30.0163_71.1675,1,1
1096,30.8662_72.4675,1,1
1099,30.0427_71.7675,2,1
1104,29.9163_70.5939,1,1
1105,29.9163_70.5939,1,1
1115,30.3250_73.1175,1,1
1119,29.8662_70.5763,1,1
1132,30.3074_73.3439,1,1
1135,30.7751_73.3263,1,1
1139,29.4251_71.4264,1,1
1147,31.5926_71.0561,1,1
1148,31.5926_71.0561,1,1
1151,30.7540_72.6851,1,1
1152,30.7540_72.6851,1,1
1153,30.5750_71.9675,1,1
1154,30.4041_71.8763,1,1
1160,30.0574_72.5939,1,1
1169,29.9750_71.0675,1,1
1170,31.0838_73.8351,1,1
1173,30.8162_72.4175,1,1
1174,30.8162_72.4175,1,1
1175,30.3662_73.0675,1,1
1179,31.1927_73.8939,2,1
1186,32.0838_72.4439,1,1
1191,30.7426_72.5763,1,1
1218,30.3662_70.8675,1,1
1230,29.7751_71.7675,1,1
1231,30.0427_72.1351,1,1
1235,30.9750_72.6351,1,1
1241,31.9838_73.0439,1,1
1242,31.9838_73.0439,1,1
1243,31.5838_73.7061,2,1
1249,31.2162_70.9352,1,1
1250,31.6662_73.5439,1,1
1253,30.9750_71.8675,1,1
1262,31.3839_72.5675,1,1
1265,31.2927_73.0351,2,1
1279,31.0662_72.9263,1,1
1280,31.0662_72.9263,1,1
1286,31.4250_72.9439,1,1
1287,30.8927_70.9440,1,1
1291,31.1541_72.3763,1,1
1299,29.2927_71.3061,1,1
1303,31.1162_72.8175,1,1
1305,29.9662_71.7175,1,1
1309,31.3927_71.0061,1,1
1310,31.3927_71.0061,1,1
1313,30.5427_72.1175,1,1
1327,30.9926_72.6939,1,1
1329,31.8540_71.1175,1,1
1338,31.1751_70.9440,1,1
1339,30.1751_71.7175,1,1
1344,29.7927_72.3763,1,1
1345,31.1427_72.0939,1,1
1358,30.9427_70.9561,1,1
1361,30.1250_72.1852,1,1
1365,31.3540_73.4175,2,1
1374,30.7839_72.1527,1,1
1377,30.9838_73.9675,1,1
1402,29.8426_72.0439,1,1
1403,30.5251_71.5351,1,1
1404,30.5251_71.5351,1,1
1407,30.4750_73.5939,1,1
1409,31.4838_72.9851,1,1
1421,29.2540_71.3939,1,1
1425,29.5163_70.8561,1,1
1436,30.0163_72.0675,1,1
1442,31.7338_73.5675,1,1
1443,31.7338_73.5675,1,1
1451,30.3662_72.2939,1,1
1453,29.3426_71.5939,1,1
1455,30.9662_73.6939,1,1
1458,32.0339_71.7263,1,1
1469,30.5662_71.5939,1,1
1473,29.3750_71.2675,1,1
1478,29.7927_71.4175,1,1
1487,29.6839_72.3439,1,1
1491,30.1162_72.1439,1,1
1494,30.6162_72.8351,1,1
1495,30.6162_72.8351,1,1
1499,30.5339_73.1939,1,1
1503,29.4427_71.2263,1,1
1510,30.8338_72.8175,1,1
1515,31.5750_70.9763,1,1
1517,31.5427_73.8439,2,1
1527,31.7663_72.9175,1,1
1533,31.2839_72.3675,1,1
1544,30.4838_72.4939,1,1
1545,30.0427_72.7675,1,1
1546,31.0838_72.5175,1,1
1548,29.9339_70.9675,1,1
1553,31.7426_72.4439,1,1
1555,31.1927_72.8763,2,1
1557,29.7751_71.3351,2,1
1562,30.2663_73.7263,1,1
1584,30.1427_72.8439,1,1
1585,30.1427_72.8439,1,1
1592,31.5541_72.6351,1,1
1594,30.4339_73.6763,1,1
1604,29.9041_70.9763,1,1
1606,32.1339_73.0561,1,1
1613,30.7663_73.0675,1,1
1624,31.2751_73.0675,2,1
1626,29.9339_72.9675,1,1
1627,29.9339_72.9675,1,1
1629,30.6162_70.9352,1,1
1636,30.8426_72.7675,1,1
1637,30.8426_72.7675,1,1
1645,30.3162_72.1676,1,1
1647,32.2927_72.9439,1,1
1655,31.8250_72.5175,1,1
1659,29.5040_71.5061,1,1
1665,29.2426_71.4352,1,1
1667,31.2338_73.6061,1,1
1671,30.0541_71.7939,1,1
1672,30.7751_72.4851,1,1
1674,29.4251_71.8561,1,1
1686,29.5926_71.1675,1,1
1693,29.5926_70.9263,1,1
1694,29.5926_70.9263,1,1
1708,29.7250_72.0061,1,1
1709,30.7927_73.2175,1,1
1727,29.8927_70.6763,1,1
1731,31.6926_72.9939,1,1
1736,30.2839_73.1851,1,1
1740,31.3927_73.1675,1,1
1748,31.0662_72.9175,1,1
1751,31.0163_73.8263,2,1
1758,30.0926_72.4763,1,1
1763,31.5427_72.9939,1,1
1766,31.5926_73.4763,2,1
1768,30.9662_71.0351,1,1
1769,30.9662_71.0351,1,1
1775,30.5339_72.3763,1,1
1777,32.2839_71.5763,1,1
1785,31.6926_72.9763,1,1
1787,30.0750_71.3939,1,1
1788,31.0662_72.5561,2,1
1791,31.2541_73.0439,2,1
1811,30.0251_73.2175,1,1
1815,30.8751_70.8939,1,1
1823,29.3750_71.2939,1,1
1829,31.2162_72.9763,1,1
1832,32.2162_72.2675,2,1
1833,30.9662_72.4061,1,1
1837,30.2426_73.2263,1,1
1842,30.9251_73.5939,1,1
1853,30.2927_73.4175,1,1
1854,30.2927_73.4175,1,1
1855,31.6926_73.6175,1,1
1862,31.1427_70.9440,1,1
1865,31.3041_73.7940,1,1
1874,31.7663_73.5939,1,1
1882,31.1427_74.0061,1,1
1883,30.1427_72.5175,1,1
1886,30.5251_72.7439,1,1
1896,30.3250_70.9675,1,1
1906,30.9750_72.5561,1,1
1907,31.3250_72.7263,2,1
1911,31.0339_72.0061,1,1
1912,31.0662_73.7940,1,1
1913,31.0662_73.7940,1,1
1914,31.3839_72.0675,1,1
1919,30.3927_73.8263,1,1
1920,29.6927_72.8439,1,1
1921,29.6927_72.8439,1,1
1939,29.8662_70.5675,1,1
1950,32.0662_71.2175,1,1
1951,32.0662_71.2175,1,1
1952,32.0662_71.2175,1,1
1955,31.9338_72.5763,1,1
1956,30.1927_72.9175,1,1
1963,31.9162_72.8851,1,1
1965,30.1427_71.4675,1,1
1975,31.6163_72.8763,1,1
1976,30.2663_71.2439,1,1
1980,32.3074_71.9675,1,1
1985,32.2162_71.3175,1,1
1986,31.7751_73.4263,1,1
1990,31.8250_71.1061,1,1
1992,30.5541_72.5263,1,1
2002,30.9075_73.4351,1,1
2016,31.1839_72.5763,2,1
2017,29.9541_71.1675,1,1
2021,32.0041_73.0351,1,1
2029,31.2426_72.6263,1,1
2035,30.3927_73.4263,1,1
2036,30.7426_70.9352,1,1
2037,30.7426_70.9352,1,1
2038,30.8250_73.9351,1,1
2039,32.2663_72.2939,1,1
2046,29.8540_72.0939,1,1
2047,32.0926_71.2351,1,1
2050,29.9750_70.9763,1,1
2055,31.9574_72.9061,1,1
2070,30.9662_73.0561,1,1
2072,29.9838_71.1439,1,1
2076,30.8250_73.1939,1,1
2106,29.8927_70.6175,1,1
2109,32.0041_72.6675,1,1
2113,30.1427_72.3351,1,1
2115,31.5041_73.1263,1,1
2118,31.1663_72.6939,2,1
2122,30.4041_71.7675,1,1
2128,31.3338_73.0061,1,1
2129,31.8927_72.3851,1,1
2131,29.4427_72.8527,1,1
2132,30.9541_73.9175,1,1
2135,31.6662_72.8675,1,1
2136,30.3927_73.0439,1,1
2138,30.2927_71.3439,1,1
2142,30.8574_71.0439,1,1
2145,30.5427_70.9440,1,1
2146,30.5427_70.9440,1,1
2152,31.8540_73.2175,1,1
2153,32.1040_71.2351,1,1
2161,30.2751_73.0939,1,1
2163,30.2041_73.0061,1,1
2169,31.4926_73.1763,1,1
2186,31.2663_70.9352,1,1
2191,32.1075_71.6940,1,1
2196,30.5427_73.6527,1,1
2197,30.3750_72.2439,2,1
2203,31.0339_73.7351,1,1
2208,30.4838_73.2439,1,1
2216,31.6040_73.7675,1,1
2220,31.3751_72.8763,2,1
2223,30.6663_74.0351,1,1
2224,29.9251_70.9763,1,1
2232,30.3750_72.9175,1,1
2234,31.1663_72.5939,1,1
2235,30.0251_71.7351,1,1
2240,30.0926_70.9561,1,1
2247,29.5163_71.5351,1,1
2249,30.1339_72.9439,1,1
2258,30.4750_72.6561,2,1
2260,29.9251_70.9440,1,1
2261,31.6838_72.1351,1,1
2268,29.8162_70.9352,1,1
2270,32.3250_71.9175,1,1
2280,29.9251_72.9763,1,1
2285,31.8250_72.3175,1,1
2291,31.0251_73.7675,1,1
2300,31.3162_72.7175,1,1
2316,31.3574_73.6175,1,1
2326,31.4574_73.0528,1,1
2327,31.0251_71.9939,1,1
2329,29.4662_71.9561,1,1
2330,31.1927_73.0061,2,1
2340,30.4926_73.2351,1,1
2343,30.3426_73.3561,1,1
2345,30.8250_72.1764,1,1
2355,32.0662_72.5763,1,1
2356,30.6162_73.6851,1,1
2357,30.6162_73.6851,1,1
2362,29.2751_71.2851,1,1
2368,30.2338_71.6175,1,1
2369,30.8250_72.0851,1,1
2371,30.4339_73.3028,1,1
2407,31.1541_72.2263,1,1
2419,31.1339_73.9439,2,1
2438,30.3839_70.9352,1,1
2447,30.1927_72.6851,1,1
2462,31.5251_73.1175,1,1
2463,31.5251_73.1175,1,1
2472,30.1339_72.5175,1,1
2474,29.8338_71.3061,1,1
2475,31.5574_73.0851,1,1
2490,31.0040_73.8439,1,1
2494,30.9838_73.5939,1,1
2519,31.0838_72.0763,1,1
2522,30.0163_72.6675,2,1
2529,32.2426_72.4561,1,1
2534,30.6663_73.9263,1,1
2542,32.2541_72.0675,1,1
2545,29.2250_72.3675,1,1
2548,30.9427_72.6763,1,1
2551,31.9926_72.8763,1,1
2558,30.9750_73.2175,1,1
2562,30.3927_72.3263,1,1
2563,30.3750_71.8175,1,1
2567,30.8662_73.0175,1,1
2572,30.3250_73.3439,1,1
2573,30.3250_73.3439,1,1
2580,29.8250_70.7263,1,1
2581,32.1541_72.6175,1,1
2582,29.6162_72.2263,1,1
2594,31.2839_72.3439,1,1
2600,30.4427_72.7175,1,1
2613,30.6541_72.6439,1,1
2624,29.2338_71.5675,1,1
2629,30.8074_73.5351,2,1
2631,30.0926_71.6175,1,1
2632,30.4838_72.3351,1,1
2642,30.9750_73.8351,1,1
2653,30.1339_73.5027,1,1
2661,30.1339_72.4061,1,1
2662,30.5750_70.7351,1,1
2663,30.5750_70.7351,1,1
2668,31.5750_73.1939,2,1
2673,30.4251_71.8351,1,1
2674,30.8162_72.8439,1,1
2677,31.9926_72.6527,2,1
2682,30.0339_71.3351,1,1
2683,31.5838_73.1939,1,1
2687,29.4427_71.4175,1,1
2698,30.6339_73.7263,1,1
2707,30.9750_72.5351,1,1
2714,30.6339_72.3175,1,1
2717,30.4427_73.0061,1,1
2721,30.4427_71.9939,1,1
2735,30.1427_71.4763,1,1
2739,30.6162_72.9439,2,1
2743,29.6427_70.8851,1,1
2745,31.2162_70.8851,1,1
2746,31.2162_70.8851,1,1
2749,31.4250_73.2351,2,1
2754,29.3662_71.5851,1,1
2755,29.4427_71.9061,1,1
2756,30.2426_70.9440,1,1
2757,30.2426_70.9440,1,1
2765,29.4838_71.6675,1,1
2766,30.7540_72.6351,1,1
2788,31.9926_72.6175,1,1
2803,30.1250_70.8939,1,1
2804,30.1250_70.8939,1,1
2814,30.6427_72.9175,1,1
2829,32.2663_72.9175,2,1
2831,30.8338_71.8175,1,1
2838,32.1838_72.4061,1,1
2839,30.4750_72.9263,1,1
2851,30.3750_73.5439,1,1
2863,31.5926_73.5175,2,1
2869,30.9541_73.0175,1,1
2873,30.4926_72.6939,2,1
2874,30.1927_72.5939,1,1
2875,30.1927_72.5939,1,1
2876,30.4926_72.0527,1,1
2883,32.3751_72.6851,1,1
2885,30.2839_70.9675,1,1
2887,32.3663_71.9264,1,1
2894,30.3750_71.3851,1,1
2895,30.4838_72.9263,1,1
2901,29.7041_72.8175,1,1
2908,30.5838_72.8439,1,1
2918,29.5427_71.7851,1,1
2920,30.9750_73.9175,1,1
2931,31.3927_73.4351,2,1
2932,31.5427_71.0351,1,1
2933,30.3426_72.9175,1,1
2935,31.2162_73.0263,2,1
2951,30.4427_73.2851,1,1
2954,29.6927_71.9851,1,1
2969,30.5750_72.1764,1,1
2970,31.5251_73.8439,2,1
2971,31.5251_73.8439,1,1
2974,29.5926_72.5851,1,1
2985,31.8663_73.2851,2,1
2991,30.2540_72.4939,1,1
2996,32.2040_73.0351,1,1
3002,29.7839_72.1940,1,1
3003,29.7839_72.1940,1,1
3005,29.6927_73.1263,1,1
3010,30.9926_73.8675,1,1
3011,30.9926_73.8675,1,1
3014,30.4427_72.0175,1,1
3015,30.4427_72.0175,1,1
3016,30.8751_72.0939,2,1
3021,29.6927_72.3175,1,1
3022,29.4339_71.7675,1,1
3023,32.2575_71.4851,1,1
3025,32.4338_71.7763,1,1
3027,29.8750_72.8939,1,1
3028,29.8750_72.8939,1,1
3029,29.8750_72.8939,1,1
3033,30.1839_73.4263,1,1
3038,30.2426_71.8939,1,1
3043,30.5926_72.7675,1,1
3046,30.9163_72.5675,1,1
3048,31.4041_73.2061,1,1
3052,30.5662_71.8851,1,1
3056,32.0041_72.3675,1,1
3077,31.5926_73.8175,1,1
3079,32.0427_72.7061,1,1
3085,30.6162_72.3263,1,1
3086,30.6162_72.3263,1,1
3093,31.5075_73.6175,2,1
3096,31.0926_72.2675,2,1
3110,31.6662_72.5439,1,1
3111,29.5926_72.6263,1,1
3113,31.4662_72.9763,1,1
3114,31.4662_72.9763,1,1
3116,31.0040_72.5351,1,1
3120,30.6427_70.9440,1,1
3130,29.5926_72.6439,1,1
3134,29.5750_71.1675,1,1
3135,29.5750_71.1675,1,1
3151,29.5427_71.3263,1,1
3153,32.2338_71.3263,1,1
3154,32.2338_71.3263,1,1
3158,30.0926_73.3175,1,1
3163,30.3839_72.9175,1,1
3167,30.5251_73.7263,1,1
3168,30.1427_73.5939,1,1
3169,31.1339_72.6675,2,1
3173,31.8927_73.3939,1,1
3174,30.1751_71.6263,1,1
3175,30.1751_71.6263,1,1
3180,30.1162_70.8851,1,1
3192,30.9163_71.9675,1,1
3195,30.3927_72.9675,1,1
3201,30.0662_72.6851,1,1
3219,30.4339_72.1263,1,1
3223,31.3574_72.5351,1,1
3229,31.3162_73.0061,1,1
3230,31.0838_72.9675,1,1
3233,31.5750_73.4175,1,1
3243,31.4926_73.1851,1,1
3245,30.1162_72.5675,1,1
3248,30.6339_72.6439,1,1
3251,30.9662_73.8561,1,1
3252,30.1339_72.9175,1,1
3253,30.7839_73.5675,1,1
3254,30.6251_72.4561,1,1
3258,31.3927_72.9439,1,1
3260,30.0662_72.1263,1,1
3267,29.7540_72.7175,1,1
3268,29.7540_72.7175,1,1
3270,30.0662_71.4061,1,1
3271,31.4250_73.3439,2,1
3275,30.4427_71.6675,1,1
3277,32.0926_71.8939,1,1
3279,30.1751_73.0763,1,1
3280,30.1751_73.0763,1,1
3285,30.4662_73.3939,1,1
3286,30.0838_73.3851,1,1
3289,31.2426_72.3263,1,1
3295,30.7663_71.0763,1,1
3309,31.6427_73.4263,1,1
3312,30.8041_73.5175,1,1
3314,31.3250_73.3675,1,1
3320,30.5163_72.7175,1,1
3332,29.5750_71.8675,1,1
3374,30.8662_74.0440,1,1
3383,29.5251_72.8439,1,1
3391,30.9574_73.8263,1,1
3396,31.9540_72.8061,1,1
3398,31.5541_73.4675,1,1
3400,30.7839_72.2763,1,1
3402,30.4662_72.3263,1,1
3403,29.9041_72.1764,1,1
3405,29.7338_71.1175,1,1
3407,29.5926_71.5675,1,1
3411,29.9339_71.3175,1,1
3412,29.9339_71.3175,1,1
3413,29.9339_71.3175,1,1
3414,29.9339_71.3175,1,1
3417,30.7041_72.5263,1,1
3421,31.5251_73.0263,1,1
3425,31.3751_72.9263,1,1
3426,31.3751_72.9263,1,1
3427,31.1251_72.6675,1,1
3428,29.2338_72.7675,1,1
3429,30.0750_72.9439,1,1
3431,31.3162_72.9939,1,1
3432,29.6839_72.1351,1,1
3434,29.7162_72.1175,1,1
3439,29.4339_71.4939,2,1
3442,31.9574_72.3263,2,1
3443,31.1927_73.9439,1,1
3444,31.1927_73.9439,1,1
3445,31.7250_73.3351,1,1
3449,30.0339_70.6763,1,1
3450,30.0339_70.6763,1,1
3453,31.0251_73.1561,1,1
3458,30.8250_73.2851,1,1
3467,29.8839_70.6175,1,1
3468,31.8041_72.5763,1,1
3469,31.8041_72.5763,1,1
3476,29.8927_72.0851,1,1
3477,29.8927_72.0851,1,1
3482,31.4838_73.6939,1,1
3489,30.5926_71.6263,1,1
3495,30.1839_72.6851,2,1
3506,30.5339_72.5439,1,1
3518,31.5926_73.7675,1,1
3521,30.4750_73.2527,1,1
3522,31.8426_73.4527,1,1
3526,31.0750_70.9440,1,1
3527,31.0750_70.9440,1,1
3532,30.2250_72.4263,1,1
3533,31.3540_72.8351,1,1
3539,30.5427_73.0675,1,1
3541,30.8162_70.6763,1,1
3544,31.4426_71.0175,1,1
3550,30.3927_72.3939,1,1
3556,30.6839_73.8351,1,1
3560,31.4662_73.2439,1,1
3561,31.3250_72.5675,1,1
3565,29.5163_71.8175,1,1
3566,29.5163_71.8175,1,1
3571,31.8540_72.6175,1,1
3579,30.2426_73.1763,1,1
3580,30.2426_73.1763,1,1
3582,30.5339_71.7675,1,1
3585,29.9041_71.2939,1,1
3586,30.2162_72.7175,2,1
3603,29.8839_72.5439,1,1
3617,30.5926_70.9175,1,1
3620,32.0427_72.7675,1,1
3640,32.2426_72.3175,1,1
3643,31.5750_73.7175,1,1
3645,31.1427_70.5175,1,1
3646,31.5041_73.1675,2,1
3647,31.5041_73.1675,1,1
3655,30.8662_72.6763,1,1
3658,29.8927_71.2675,1,1
3659,31.5541_72.9851,1,1
3661,32.3426_72.1263,1,1
3664,32.2663_72.6763,1,1
3665,31.3338_72.7561,1,1
3668,31.8250_72.5675,1,1
3669,29.8662_71.2763,1,1
3671,30.8162_72.2851,1,1
3673,30.3162_73.3763,1,1
3679,31.6926_72.9675,1,1
3683,30.9541_73.4439,2,1
3694,30.9838_73.7675,1,1
3699,31.8839_72.7061,1,1
3700,29.3162_71.3675,1,1
3706,30.3839_72.1764,1,1
3717,30.6927_72.7061,1,1
3729,30.1339_71.5175,1,1
3731,31.3839_73.8939,1,1
3744,30.5662_72.0851,1,1
3751,29.6927_71.8439,1,1
3753,30.4427_72.0439,1,1
3754,30.4251_72.6763,1,1
3769,31.1751_72.8263,1,1
3771,30.8426_73.7263,1,1
3786,29.8162_72.7763,2,1
3791,30.5662_72.9175,1,1
3792,31.4926_73.0175,1,1
3798,30.2751_72.6561,1,1
3799,29.8250_71.4352,1,1
3801,31.5662_72.2561,1,1
3802,31.5662_72.2561,1,1
3806,30.1663_71.4264,1,1
3807,31.6838_71.0851,1,1
3812,32.1838_73.1439,1,1
3820,31.8751_73.2675,2,1
3821,31.8751_73.2675,1,1
3828,29.6162_71.2439,1,1
3830,30.4838_72.9675,1,1
3835,30.8426_73.6561,2,1
3838,31.2426_70.9675,1,1
3844,30.3662_71.6561,1,1
3855,31.3663_73.8061,1,1
3856,30.3927_72.9439,1,1
3857,30.2751_73.1351,1,1
3861,30.9662_72.3939,1,1
3862,30.9662_72.3939,1,1
3864,30.1541_70.9352,1,1
3866,29.7663_72.6439,2,1
3868,30.8162_73.6027,1,1
3869,30.7751_73.5061,1,1
3884,29.7250_72.5675,1,1
3887,31.0251_73.8939,2,1
3888,29.4750_70.9175,1,1
3890,30.0926_71.3851,1,1
3896,32.2839_72.3263,1,1
3898,30.6427_73.6175,1,1
3907,31.0838_70.9763,1,1
3914,30.4339_72.5763,1,1
3916,30.3662_73.3175,1,1
3918,29.8250_70.6351,1,1
3919,29.8250_70.6351,1,1
3920,32.2751_71.3675,1,1
3930,30.0040_72.3175,1,1
3935,30.3750_73.0351,1,1
3940,30.9662_72.2763,1,1
3942,30.1040_71.4175,2,1
3944,31.1162_70.5175,1,1
3945,30.7250_72.0851,1,1
3946,32.2839_71.4675,1,1
3950,30.3041_71.3527,1,1
3954,31.2541_72.7675,1,1
3955,31.2541_72.7675,1,1
3956,30.1339_72.6675,1,1
3957,30.1339_72.6675,1,1
3958,30.1339_72.6675,1,1
3974,30.5541_72.1061,2,1
3996,31.4750_73.1175,1,1
3997,31.1251_73.8439,2,1
4004,31.4838_73.6061,1,1
4007,29.8250_72.1676,1,1
4009,30.4662_72.5439,1,1
4016,29.8927_72.5439,1,1
4017,29.8927_72.5439,1,1
4020,29.5662_71.7939,1,1
4023,29.9926_71.7263,2,1
4024,29.9926_71.7263,1,1
4025,31.3426_72.8939,1,1
4035,30.0926_72.8561,1,1
4036,30.6427_71.6852,1,1
4037,31.4750_73.7439,2,1
4038,31.4750_73.7439,2,1
4056,29.5339_71.5351,1,1
4059,30.2751_71.6675,1,1
4060,31.1927_70.6263,1,1
4061,30.0541_72.6851,1,1
4074,31.4926_73.5675,1,1
4075,31.4926_73.5675,2,1
4080,31.3041_73.4175,1,1
4084,30.6251_70.9440,1,1
4100,30.6751_72.9939,2,1
4114,31.0040_73.9675,1,1
4120,31.9662_72.7263,1,1
4134,30.4662_72.2263,1,1
4163,30.6839_73.5351,1,1
4165,31.4426_72.2851,1,1
4173,31.3839_73.6851,1,1
4179,31.2927_72.9439,1,1
4181,30.0427_71.7763,2,1
4182,30.9926_73.6939,1,1
4183,30.7927_73.8675,1,1
4186,30.6751_74.0351,1,1
4189,31.2338_73.0175,1,1
4190,29.4662_71.4561,1,1
4198,29.5926_71.0175,1,1
4204,31.1251_73.2351,1,1
4205,31.3663_73.4675,2,1
4207,30.8662_72.2851,1,1
4210,31.8751_72.7851,2,1
4215,29.8927_71.0675,1,1
4222,30.1839_71.5763,1,1
4224,29.4926_71.6852,1,1
4225,32.0339_72.9675,1,1
4226,31.8663_72.6851,1,1
4228,30.4041_71.7527,1,1
4239,30.1839_73.0763,1,1
4242,31.2162_72.9675,1,1
4243,30.0541_72.0675,1,1
4247,31.3839_71.0061,1,1
4251,30.3426_72.4939,1,1
4255,29.9838_72.3175,1,1
4262,29.8839_73.1561,1,1
4266,30.5163_70.9352,1,1
4267,29.9339_71.3763,1,1
4270,30.7540_73.6175,2,1
4286,29.6338_71.5675,1,1
4289,31.4926_73.3439,2,1
4290,31.4926_73.3439,2,1
4292,31.3338_73.7763,1,1
4304,31.4838_72.8851,1,1
4305,31.4838_72.8851,1,1
4308,30.9251_70.9352,1,1
4309,30.9251_70.9352,1,1
4317,30.0838_71.3439,1,1
4319,29.5750_71.4675,1,1
4320,30.9838_72.4939,1,1
4322,31.8663_71.8939,1,1
4323,30.3927_72.5263,2,1
4324,30.9926_73.7763,1,1
4332,30.0662_71.4352,2,1
4337,30.7338_72.7175,1,1
4343,31.6926_71.0763,1,1
4351,31.0750_73.3028,2,1
4360,30.1839_71.6439,1,1
4371,30.3540_71.7763,1,1
4372,30.3540_71.7763,1,1
4377,32.2663_71.3439,1,1
4382,32.0926_72.2675,1,1
4383,32.0926_72.2675,1,1
4388,29.9662_71.6675,1,1
4395,31.6427_73.2439,2,1
4396,31.5926_73.5851,1,1
4424,29.8540_70.7175,1,1
4425,29.8540_70.7175,1,1
4431,29.8662_70.5561,1,1
4437,30.5251_73.4675,1,1
4438,31.3250_73.3851,1,1
4446,30.9427_73.8263,1,1
4448,31.4750_73.3351,1,1
4456,30.2426_73.0351,2,1
4461,30.0662_71.3175,1,1
4466,30.1541_72.6351,1,1
4472,29.9163_71.3175,1,1
4473,31.1162_72.2675,1,1
4481,29.7250_71.4675,1,1
4482,30.8540_72.5561,1,1
4486,29.6751_71.2175,1,1
4491,31.7338_73.3351,1,1
4494,30.2751_71.7763,1,1
4495,30.2751_71.7763,1,1
4505,30.1541_73.0851,1,1
4511,29.7041_72.4175,1,1
4521,31.4338_73.5675,1,1
4524,30.3927_72.6351,1,1
4525,30.3927_72.6351,1,1
4538,30.9926_73.9675,1,1
4542,29.9163_71.9939,1,1
4545,29.1751_71.8851,1,1
4546,29.1751_71.8851,1,1
4557,30.6839_72.4851,1,1
4559,29.8750_70.6940,1,1
4570,31.0040_73.7439,1,1
4578,31.0926_72.4175,1,1
4580,30.1839_71.2851,1,1
4584,32.0163_71.3351,1,1
4589,29.3426_71.5061,1,1
4590,29.6751_71.0675,1,1
4599,30.0163_71.1561,1,1
4601,31.3839_73.1351,1,1
4602,31.3839_73.1351,1,1
4609,32.2839_72.9175,1,1
4610,31.3663_73.0263,1,1
4621,30.2162_72.6561,1,1
4624,31.3426_73.1763,1,1
4625,29.7751_70.6175,1,1
4626,30.7162_73.7439,2,1
4634,31.0339_72.6939,1,1
4637,30.0926_73.0175,1,1
4648,32.2663_72.3061,1,1
4654,31.0662_72.8263,1,1
4658,31.4162_72.2675,1,1
4659,30.6839_74.0351,1,1
4662,31.1427_73.9263,2,1
4665,31.1427_73.9263,2,1
4672,30.1541_71.2175,1,1
4682,29.5163_71.5263,1,1
4684,29.4750_71.1263,1,1
4704,31.1251_72.3939,1,1
4710,30.1162_72.1764,1,1
4714,31.3338_72.8351,1,1
4715,31.0750_73.8175,1,1
4716,30.0427_72.3263,1,1
4730,30.0427_72.0439,1,1
4733,29.5662_71.4061,1,1
4734,29.7751_72.6175,1,1
4743,31.9838_72.6175,1,1
4744,30.4662_71.0763,1,1
4749,30.1927_73.5439,1,1
4767,31.0662_73.8851,2,1
4768,31.0662_73.8851,1,1
4769,31.0662_73.8851,1,1
4770,29.2338_72.8263,1,1
4771,29.2338_72.8263,1,1
4773,31.6163_73.6851,1,1
4782,31.0427_73.8763,1,1
4791,31.4838_73.3061,2,1
4792,31.4838_73.3061,1,1
4798,30.2751_73.3175,1,1
4800,31.0926_73.9263,1,1
4810,31.1751_72.0263,1,1
4813,30.0838_71.3851,2,1
4814,30.0838_71.3851,2,1
4817,32.0041_71.8851,1,1
4818,32.0041_71.8851,1,1
4821,30.9427_71.9264,1,1
4822,30.5040_72.1351,1,1
4824,31.8751_72.8939,1,1
4825,31.8751_72.8939,1,1
4826,31.4338_72.8175,1,1
4836,30.2663_72.4175,1,1
4842,30.7250_72.0561,2,1
4845,31.1575_73.8439,2,1
4846,31.2839_73.6675,2,1
4847,29.7927_70.9939,1,1
4852,29.2426_72.5763,1,1
4861,29.9041_70.5939,1,1
4864,31.0251_70.9561,1,1
4872,29.3838_71.6175,1,1
4874,30.6541_72.9439,1,1
4875,29.1927_71.7263,1,1
4880,29.7162_71.2561,1,1
4882,31.4662_72.1561,1,1
4883,30.4750_72.6351,2,1
4898,29.4041_71.8027,1,1
4917,29.7162_71.8263,1,1
4919,31.2162_70.9175,1,1
4922,29.4427_71.6675,1,1
4926,29.4926_71.7175,1,1
4929,30.2751_71.6351,1,1
4930,30.2751_71.6351,1,1
4933,31.0339_70.9352,1,1
4938,30.6251_72.8561,1,1
4941,30.0926_72.3763,1,1
4954,30.8839_73.7175,1,1
4955,30.8839_73.7175,1,1
4959,30.3662_72.7439,1,1
4966,30.3426_73.1851,1,1
4971,31.4662_73.3263,2,1
4972,30.0838_72.3175,1,1
4974,30.9662_72.7439,1,1
4978,30.8927_73.3061,1,1
4980,31.5838_72.9763,1,1
4982,31.5838_73.5763,2,1
4985,30.5838_72.8675,1,1
4989,31.0163_73.7940,1,1
4995,30.4541_72.9939,1,1
5001,32.0427_72.9439,1,1
5007,31.1663_73.8439,1,1
5013,29.7839_72.5175,1,1
5021,30.5427_72.9939,1,1
5033,29.9574_71.1351,1,1
5040,30.8839_72.9439,1,1
5052,31.7162_73.5675,2,1
5070,29.9427_71.8763,1,1
5072,30.8162_73.3939,1,1
5077,30.1040_72.0263,1,1
5082,30.2751_71.2439,1,1
5088,29.8839_71.5263,1,1
5096,29.6338_71.7263,1,1
5107,30.9838_73.9439,1,1
5110,29.2751_71.5263,1,1
5111,30.8927_72.1439,1,1
5116,31.3162_72.3175,1,1
5119,31.9540_72.7263,1,1
5126,29.7426_72.4851,1,1
5127,29.4926_72.0527,1,1
5135,30.1751_72.3351,1,1
5138,31.2927_73.3763,2,1
5140,32.1339_72.7263,1,1
5141,32.1339_72.7263,1,1
5151,32.3426_72.6263,1,1
5152,32.3426_72.6263,1,1
5154,29.6927_72.5263,1,1
5166,29.6927_72.0027,1,1
5168,29.9926_72.4763,1,1
5169,31.0040_70.6940,1,1
5175,31.2927_73.1027,1,1
5184,29.3250_71.1763,1,1
5186,30.0750_71.6439,1,1
5188,29.5926_72.0175,1,1
5189,29.5926_72.0175,1,1
5203,31.4250_72.2527,1,1
5204,30.9427_73.8351,1,1
5227,29.6250_70.8763,1,1
5228,29.6663_71.0763,1,1
5229,29.6663_71.0763,1,1
5233,29.8426_70.9175,1,1
5234,29.8426_70.9175,1,1
5245,30.8662_72.5439,1,1
5248,30.6575_73.2675,1,1
5251,29.4750_71.1351,1,1
5253,31.4662_73.7439,1,1
5259,30.7751_72.0175,2,1
5265,32.1541_71.3763,1,1
5266,32.1541_71.3763,1,1
5273,30.9926_73.8439,1,1
5276,30.9926_73.8439,1,1
5296,31.6427_71.0351,1,1
5300,30.9541_70.9561,1,1
5303,30.5926_73.1351,1,1
5304,30.5926_73.1351,1,1
5317,31.9338_72.7263,1,1
5318,30.4339_73.4675,1,1
5319,30.4339_73.4675,1,1
5320,30.4339_73.4675,1,1
5321,29.8162_72.8263,2,1
5322,31.1751_72.3439,1,1
5323,31.1751_72.3439,1,1
5328,31.5041_73.5939,2,1
5330,29.4427_71.8939,1,1
5341,31.3663_73.4175,2,1
5345,30.7927_73.1763,1,1
5354,30.4926_72.5061,1,1
5355,30.2250_72.5851,1,1
5368,30.8662_72.2175,1,1
5379,30.4251_73.3061,1,1
5381,31.7663_73.2763,1,1
5382,29.8540_71.3175,1,1
5410,30.5040_72.2851,1,1
5438,31.3839_72.7851,1,1
5455,30.3162_72.4175,1,1
5457,30.4838_72.6675,2,1
5470,30.4926_72.9263,1,1
5473,30.0541_72.3263,1,1
5476,29.3426_71.1439,1,1
5477,31.5251_72.9351,1,1
5478,30.8751_72.3561,1,1
5485,30.0427_72.4939,1,1
5486,30.0427_72.4939,1,1
5492,30.9251_73.7439,1,1
5495,30.2751_72.1351,1,1
5497,30.2663_71.7851,1,1
5500,31.1927_73.5939,2,1
5501,31.1927_73.5939,2,1
5502,31.1927_73.5939,1,1
5504,31.1162_72.2439,1,1
5505,31.1162_72.2439,1,1
5510,31.6339_73.5263,1,1
5512,29.1663_71.7439,1,1
5513,30.1339_72.1351,1,1
5525,30.2663_73.1939,2,1
5532,31.9162_72.6263,1,1
5533,31.9162_72.6263,1,1
5534,29.9838_71.5561,1,1
5538,32.0339_72.4351,1,1
5541,30.1339_70.9675,1,1
5543,29.8540_72.7939,1,1
5544,29.6927_71.7263,1,1
5545,30.0427_71.7939,2,1
5546,30.4926_73.5263,1,1
5551,30.2839_73.7351,1,1
5553,31.1839_73.9675,1,1
5554,31.1839_73.9675,2,1
5557,30.7927_72.5851,1,1
5563,31.0427_73.8263,1,1
5568,29.5926_70.9675,1,1
5569,30.4339_72.2263,1,1
5570,31.7162_72.3851,1,1
5571,31.7162_72.3851,1,1
5575,30.1427_73.4561,1,1
5576,30.1427_73.4561,1,1
5577,30.1162_71.3851,1,1
5585,31.6662_73.2851,2,1
5597,30.8250_72.0675,1,1
5599,30.2338_71.5763,1,1
5600,29.8426_71.2763,1,1
5605,31.8250_73.2061,1,1
5606,30.3750_71.8351,1,1
5614,30.3426_71.6561,1,1
5621,30.4926_73.0263,2,1
5623,31.0838_72.6263,2,1
5630,32.1163_72.7351,1,1
5644,30.5163_72.9263,1,1
5645,30.5163_72.9263,1,1
5654,30.3927_73.4851,1,1
5655,30.3927_73.4851,1,1
5661,29.7927_71.4352,1,1
5662,30.5838_71.9939,1,1
5671,31.0339_73.8763,2,1
5672,31.0339_73.8763,2,1
5677,30.2338_71.6852,1,1
5689,29.9926_70.7675,1,1
5690,31.4662_73.3851,1,1
5693,29.8927_72.0351,1,1
5697,29.7927_71.3561,1,1
5706,29.9926_71.6175,2,1
5707,30.0251_71.9939,1,1
5710,31.0251_73.0763,1,1
5713,31.4662_72.9351,1,1
5719,29.8750_71.3851,1,1
5725,30.6162_73.0263,1,1
5726,30.6162_73.0263,1,1
5727,30.6162_73.0263,1,1
5748,31.4250_73.3939,1,1
5754,31.8426_72.5439,1,1
5755,31.1339_70.9763,1,1
5764,31.1927_72.7061,1,1
5767,30.0838_72.6851,1,1
5772,29.6839_71.8851,1,1
5773,29.6839_71.8851,1,1
5776,31.6427_71.0439,1,1
5777,31.6427_71.0439,1,1
5781,30.2927_71.7175,1,1
5787,30.1339_73.4851,1,1
5791,30.5750_73.0675,2,1
5796,32.4250_72.4061,1,1
5797,29.8927_71.3027,1,1
5806,29.7250_72.5439,1,1
5817,32.0251_72.6263,1,1
5818,32.0251_72.6263,1,1
5821,31.1839_72.3561,1,1
5824,31.6750_72.5439,2,1
5826,31.2927_72.8851,1,1
5836,30.2426_72.2561,1,1
5837,30.2426_72.2561,1,1
5838,30.3839_71.5851,1,1
5839,29.7250_71.9440,1,1
5854,31.3927_72.4439,2,1
5858,31.2250_72.9263,1,1
5859,31.2250_72.9263,1,1
5871,29.9662_72.2561,1,1
5881,32.2663_71.4440,1,1
5891,31.1839_73.9561,2,1
5892,30.8751_72.2351,1,1
5893,31.9426_71.1561,1,1
5898,30.4251_71.8763,1,1
5899,30.4251_71.8763,1,1
5900,30.9838_72.5061,1,1
5902,30.3540_73.3675,1,1
5912,30.9838_70.9352,1,1
5913,30.9838_70.9352,1,1
5917,29.5251_70.8439,1,1
5924,31.1663_72.9675,1,1
5932,31.3162_73.7851,1,1
5939,29.9662_71.0675,1,1
5940,29.9662_71.0675,1,1
5945,30.0926_72.4939,1,1
5947,30.0926_72.4939,1,1
5953,29.9339_70.6675,1,1
5954,31.1040_72.8851,1,1
5955,32.0662_72.2675,1,1
5958,30.6427_73.7175,1,1
5959,30.6427_73.7175,1,1
5961,30.0427_71.8351,1,1
5964,30.6839_70.9440,1,1
5966,30.6427_73.9851,1,1
5967,32.0251_72.4175,1,1
5979,31.0750_73.0675,1,1
5982,31.4250_72.9175,1,1
5987,29.8338_72.0675,1,1
6002,31.5926_73.7175,1,1
6003,31.3751_73.6763,2,1
6005,29.6751_72.0351,1,1
6007,31.0251_73.7763,2,1
6019,30.0926_73.3763,1,1
6020,30.0926_73.3763,1,1
6035,29.6663_70.9939,1,1
6037,30.6541_72.8675,1,1
6038,30.6541_72.8675,1,1
6052,30.1751_73.4675,1,1
6057,30.0750_72.8175,1,1
6058,30.0750_72.8175,1,1
6068,30.6040_73.5439,2,1
6072,30.8927_73.6527,1,1
6073,30.3162_73.1175,1,1
6075,31.2162_72.4763,1,1
6077,31.6838_73.3939,1,1
6078,30.9662_73.9175,1,1
6091,29.6751_71.9939,1,1
6093,31.9662_71.1675,1,1
6096,31.4750_72.9939,1,1
6101,30.3927_70.9352,1,1
6107,32.2663_72.3263,1,1
6118,31.9162_73.2263,1,1
6122,30.5075_72.4175,1,1
6135,29.7927_70.9263,1,1
6137,30.3041_70.9675,2,1
6138,30.3041_70.9675,2,1
6147,29.4339_71.8175,1,1
6149,30.8662_73.7263,1,1
6151,30.8426_73.8675,1,1
6152,32.1040_72.3675,1,1
6154,31.7338_72.7263,1,1
6159,31.1927_73.9675,2,1
6160,31.4838_72.6263,1,1
6166,31.0750_73.7940,1,1
6171,30.5662_71.2351,1,1
6173,30.6339_73.5351,1,1
6179,30.1927_71.8351,1,1
6182,32.1838_71.2939,1,1
6189,31.6427_73.5351,1,1
6195,30.3927_72.5851,1,1
6196,30.1927_73.0675,1,1
6197,30.1927_73.0675,1,1
6198,30.1427_72.7263,1,1
6204,30.9750_72.8675,1,1
6206,31.3338_73.1851,1,1
6226,31.7426_73.0439,1,1
6230,29.5926_71.1852,1,1
6232,30.3662_73.2675,1,1
6238,30.2338_70.7439,1,1
6239,30.2338_70.7439,1,1
6247,30.1927_73.0851,1,1
6248,30.1927_73.0851,1,1
6250,30.1663_70.9675,1,1
6251,30.1663_70.9675,1,1
6257,30.0251_72.2675,1,1
6264,29.4838_71.1675,1,1
6265,29.4838_71.1675,1,1
6272,29.7927_71.2763,1,1
6278,31.6662_72.2675,1,1
6279,31.6662_72.2675,1,1
6284,29.7927_73.0439,1,1
6298,29.4427_71.8763,1,1
6303,30.0750_71.8263,1,1
6311,32.2663_72.7675,1,1
6316,30.8751_72.7351,1,1
6320,30.9251_71.9763,1,1
6324,30.2162_72.3263,1,1
6327,30.6839_72.1561,1,1
6332,32.3663_71.8939,1,1
6333,29.4750_71.2439,1,1
6335,30.6162_70.9263,1,1
6336,30.6162_70.9263,1,1
6337,30.2426_72.1940,2,1
6345,29.7927_72.5175,1,1
6347,30.3338_73.1675,1,1
6354,31.3162_72.9851,1,1
6355,30.9662_73.2061,1,1
6357,30.4926_72.8263,1,1
6375,30.7927_72.4175,1,1
6379,31.4574_73.2763,1,1
6381,31.8338_72.8263,1,1
6382,31.8338_72.8263,1,1
6389,30.0339_72.8263,1,1
6390,30.0339_72.8263,1,1
6391,30.0339_72.8263,1,1
6392,31.9926_71.9763,1,1
6393,32.0041_72.3439,1,1
6396,30.1663_73.5561,1,1
6398,30.1427_72.6939,1,1
6400,29.8750_71.3675,1,1
6401,31.3338_72.9175,1,1
6402,29.4541_72.7175,1,1
6406,30.9838_72.8939,1,1
6407,30.4838_71.7439,1,1
6411,30.0926_72.6351,1,1
6417,29.8162_72.7851,1,1
6429,30.6339_72.2939,1,1
6436,30.8426_73.7175,1,1
6437,29.2540_71.3561,1,1
6441,32.0838_72.3675,1,1
6445,29.8041_73.0263,1,1
6446,30.8751_73.8939,2,1
6449,29.7751_71.2561,1,1
6453,31.3426_72.7763,1,1
6454,31.3426_72.7763,1,1
6457,30.5662_73.5675,1,1
6460,31.1839_73.1851,1,1
6462,30.2426_72.7175,1,1
6464,32.1662_72.5939,1,1
6474,29.6927_72.4263,1,1
6475,30.8426_72.9175,1,1
6476,30.8426_72.9175,1,1
6479,29.6338_71.7939,1,1
6480,29.8839_71.6852,1,1
6481,29.3574_71.2263,1,1
6485,29.9427_71.0439,1,1
6488,29.8338_70.7263,1,1
6498,31.8839_71.9175,1,1
6508,30.1663_72.1351,1,1
6509,30.0926_71.5675,1,1
6512,29.6250_71.9440,1,1
6517,31.6926_73.3175,1,1
6518,31.6926_73.3175,2,1
6528,30.4926_72.1439,1,1
6539,30.7663_73.8351,1,1
6550,30.4574_72.9851,1,1
6556,31.6074_73.0351,1,1
6565,30.5427_72.1676,1,1
6566,29.9163_72.0675,1,1
6576,30.6040_73.2439,1,1
6577,31.6662_72.8851,1,1
6578,32.1339_73.2263,1,1
6579,31.2041_72.6675,2,1
6580,29.3426_71.5763,1,1
6582,30.3250_72.7939,1,1
6596,30.4541_73.2763,1,1
6597,30.4339_72.0061,1,1
6611,30.1250_72.3527,1,1
6612,32.1427_71.3561,1,1
6622,31.8338_73.6061,1,1
6630,31.6074_73.6851,2,1
6631,31.3162_72.5263,1,1
6638,29.5662_72.1940,1,1
6639,29.5662_72.1940,1,1
6642,30.0662_71.5675,1,1
6646,32.1541_71.3175,1,1
6647,30.4251_71.9175,1,1
6659,32.2663_71.3675,1,1
6663,29.6927_72.8263,1,1
6664,29.6927_72.8263,1,1
6673,30.1339_72.7351,1,1
6674,30.1339_72.7351,1,1
6690,30.2041_73.6351,1,1
6694,30.2927_72.8675,1,1
6701,31.3751_73.1939,1,1
6708,30.5662_72.4939,1,1
6709,30.5662_72.4939,1,1
6710,30.5662_72.4939,1,1
6714,30.8426_72.0851,2,1
6723,30.0339_72.0263,1,1
6737,30.0926_72.9351,1,1
6738,30.1839_72.0939,1,1
6744,30.4251_72.1351,1,1
6747,30.0926_72.8763,1,1
6750,31.1427_70.9175,1,1
6753,30.6427_72.6263,1,1
6755,30.7426_73.8439,1,1
6756,31.9926_72.6939,1,1
6760,30.3540_72.5851,1,1
6762,29.3250_71.2351,1,1
6769,29.2162_72.3439,1,1
6773,31.3540_73.1175,1,1
6782,30.4251_73.2675,1,1
6797,30.2074_71.2939,1,1
6798,29.4251_71.3763,1,1
6802,31.0163_70.9352,2,1
6816,30.0926_71.3939,1,1
6833,30.5427_72.0675,1,1
6835,30.8751_72.2763,1,1
6844,30.2663_72.8061,1,1
6855,31.4041_73.2763,2,1
6863,30.6427_72.3675,1,1
6864,29.8162_70.9263,1,1
6885,31.2751_70.8939,1,1
6886,30.1663_73.0675,1,1
6887,30.1663_73.0675,1,1
6893,31.8663_73.3263,2,1
6902,30.9041_72.8675,1,1
6905,30.5251_72.7263,1,1
6912,30.2250_73.0439,1,1
6915,30.7250_72.0675,1,1
6930,29.8540_73.0851,1,1
6931,29.8426_71.1175,1,1
6933,30.9662_73.0439,1,1
6934,31.9926_73.1175,1,1
6938,30.7663_72.1061,1,1
6939,30.5662_73.1675,1,1
6942,32.2663_72.7851,1,1
6944,30.4163_73.0763,1,1
6965,30.4163_72.3763,1,1
6967,31.2338_72.9675,2,1
6973,29.8250_72.1061,1,1
6975,30.1339_73.5675,1,1
6992,31.8250_73.2263,2,1
6993,29.5251_71.2675,1,1
7005,30.9838_73.1851,1,1
7014,32.3250_72.8351,1,1
7015,32.3250_72.8351,1,1
7021,29.8927_71.5263,1,1
7022,29.5926_71.6852,1,1
7031,29.8426_71.5851,1,1
7032,29.8426_71.5851,1,1
7033,29.8426_71.5851,1,1
7038,30.9339_71.9175,1,1
7043,30.2338_71.5939,2,1
7046,30.5427_73.4263,1,1
7050,30.9339_73.3263,1,1
7052,30.2663_73.2763,1,1
7064,30.8250_72.2939,1,1
7071,31.4662_72.4851,1,1
7073,29.4662_70.9263,1,1
7074,29.4662_70.9263,1,1
7077,29.9163_70.6351,1,1
7081,31.0427_72.9175,2,1
7089,30.9041_72.1175,1,1
7093,31.0662_72.0175,1,1
7101,31.0251_72.8675,1,1
7115,31.0339_72.8351,1,1
7119,30.4163_73.0439,1,1
7121,29.5838_71.8763,1,1
7129,30.9041_73.3175,1,1
7130,30.9041_73.3175,1,1
7134,30.0662_71.3763,1,1
7146,31.0750_71.9939,1,1
7148,30.2927_72.2939,1,1
7151,31.3041_73.4351,2,1
7157,31.3338_72.1852,1,1
7163,31.5926_73.0351,1,1
7169,29.7839_71.0439,1,1
7182,30.6339_72.6675,1,1
7198,29.5662_71.6675,1,1
7201,32.3751_72.6175,1,1
7211,29.7751_71.9763,1,1
7212,30.0838_72.9263,1,1
7216,29.9427_72.2439,1,1
7218,30.2663_71.4528,1,1
7224,30.7426_73.1939,1,1
7227,30.5339_72.2175,1,1
7231,29.4662_71.2939,1,1
7233,31.4338_73.0061,1,1
7241,32.0662_71.3675,1,1
7256,32.3338_72.1175,1,1
7260,29.9427_70.6852,1,1
7262,31.4750_72.9263,1,1
7273,31.5750_72.2561,1,1
7276,29.8927_72.4763,1,1
7277,29.5750_71.1351,1,1
7281,29.8662_72.0439,1,1
7307,29.5926_71.1763,1,1
7308,31.0427_70.9675,1,1
7310,30.3839_72.5027,1,1
7312,30.3839_72.1676,1,1
7314,30.1541_73.1561,1,1
7323,30.6927_72.5175,1,1
7324,29.6575_72.3675,1,1
7327,29.8250_71.7263,1,1
7328,30.8250_70.9352,2,1
7329,30.8250_70.9352,1,1
7330,30.8250_70.9352,1,1
7334,31.7927_71.0851,1,1
7339,29.8662_71.2851,1,1
7345,30.4926_72.8851,1,1
7359,32.0163_71.8263,2,1
7365,31.5838_73.5351,2,1
7381,30.5427_72.5351,1,1
7386,30.9662_72.3351,1,1
7387,30.9662_72.3351,1,1
7395,29.9339_71.1675,1,1
7400,29.7927_70.7175,1,1
7401,29.7927_70.7175,1,1
7402,30.7751_73.3061,2,1
7403,29.6663_71.0439,1,1
7404,31.5339_71.0439,1,1
7414,30.9427_73.3351,1,1
7415,30.9427_73.3351,1,1
7417,29.8540_70.7351,1,1
7419,29.8927_70.6061,1,1
7424,31.0750_72.9561,1,1
7427,30.0427_71.3851,1,1
7428,31.7839_73.2351,1,1
7444,29.8338_71.6175,1,1
7445,30.6663_73.7851,1,1
7450,31.8426_73.5851,2,1
7453,31.9540_71.1561,1,1
7454,31.9540_71.1561,1,1
7460,30.0040_71.4175,2,1
7462,29.3338_71.5439,1,1
7463,29.3338_71.5439,1,1
7464,31.7162_73.1675,1,1
7480,30.0339_72.6851,1,1
7481,30.0339_72.6851,1,1
7491,31.2751_73.0175,2,1
7504,29.6663_72.2763,1,1
7522,31.3338_72.8175,1,1
7523,31.3338_72.8175,1,1
7524,31.3338_72.8175,1,1
7526,29.4339_71.3763,1,1
7529,29.2426_72.5675,1,1
7535,31.5163_73.0351,1,1
7543,30.8338_73.7351,1,1
7545,30.2338_72.6851,1,1
7546,31.2839_72.9851,2,1
7547,31.2839_72.9851,1,1
7549,32.3927_71.7561,1,1
7550,29.9838_73.0939,1,1
7557,30.3927_73.6175,1,1
7558,30.4163_73.2675,1,1
7568,30.4041_72.9763,1,1
7572,29.6927_72.5175,1,1
7593,31.8250_72.5851,2,1
7597,31.5163_72.3439,1,1
7603,31.5339_73.1939,2,1
7606,30.1663_72.3351,1,1
7607,30.1663_72.3351,1,1
7608,30.0926_71.4939,1,1
7609,29.8750_71.1351,1,1
7612,31.1751_72.6061,1,1
7621,29.9041_71.8175,1,1
7631,30.3250_73.3851,1,1
7634,30.1162_72.6439,1,1
7635,30.1162_72.6439,1,1
7640,29.4339_71.8351,1,1
7659,30.3338_72.6939,1,1
7660,30.6427_70.9352,1,1
7663,30.1250_72.9175,1,1
7664,31.0541_72.9175,1,1
7666,30.7041_73.1939,1,1
7667,30.7041_73.1939,2,1
7668,30.0251_72.2061,1,1
7677,29.3540_71.2439,1,1
7682,29.9750_70.9939,1,1
7687,30.6339_71.7439,2,1
7690,29.8662_71.9440,1,1
7699,30.2426_73.6763,1,1
7723,30.9926_70.9675,1,1
7724,30.9926_70.9675,1,1
7728,30.6839_73.5763,1,1
7729,31.2927_72.9675,1,1
7730,30.5838_71.9440,1,1
7739,30.7540_73.4439,2,1
7744,31.2041_73.8939,2,1
7745,31.2041_73.8939,2,1
7751,30.0926_71.5439,1,1
7752,30.0926_71.5439,1,1
7756,30.9251_73.3675,1,1
7762,30.8426_73.5763,1,1
7763,30.3927_71.6852,1,1
7764,30.3927_71.6852,1,1
7765,30.8162_72.8675,1,1
7767,30.8426_73.6763,2,1
7768,30.9427_70.9675,1,1
7778,29.6427_72.3351,1,1
7779,29.6427_72.3351,1,1
7780,30.3250_72.9675,1,1
7784,30.1427_72.2675,1,1
7802,30.5040_72.9263,1,1
7804,30.8927_73.3263,1,1
7805,30.8927_73.3263,1,1
7815,30.7162_72.6561,1,1
7818,30.8662_74.0351,1,1
7829,30.0662_72.5939,1,1
7831,30.9163_73.6851,1,1
7839,29.8662_71.7175,1,1
7843,31.1339_73.2439,2,1
7848,29.9163_72.2561,2,1
7859,30.0339_73.1851,1,1
7860,32.0838_71.2263,1,1
7867,30.2663_72.3263,1,1
7876,29.8839_70.6351,1,1
7878,31.1751_73.9675,2,1
7882,30.0662_73.3061,1,1
7892,30.0427_72.3175,1,1
7901,31.1541_72.2851,1,1
7907,30.2927_71.8851,1,1
7908,30.2927_71.8851,1,1
7922,29.9339_70.7439,1,1
7927,31.9662_72.5939,1,1
7936,31.3338_73.7851,1,1
7937,30.2839_73.3028,1,1
7938,30.2751_73.1175,1,1
7940,31.3426_72.8675,2,1
7952,31.9838_73.4263,1,1
7953,30.0838_72.0939,1,1
7957,29.2338_72.7851,2,1
7959,30.4427_72.8439,1,1
7964,30.0163_70.6940,1,1
7967,31.0251_73.8763,1,1
7968,31.0251_73.8763,1,1
7970,30.4662_71.8027,1,1
7981,31.3250_73.1175,1,1
7982,31.3250_73.1175,1,1
7984,32.3540_71.4851,1,1
7986,31.2663_70.6763,1,1
7989,30.2575_73.2351,1,1
7992,31.1427_70.9763,1,1
7994,29.2839_71.4851,1,1
8002,29.4075_71.8675,1,1
8021,32.2663_72.5675,1,1
8025,31.0926_73.2351,2,1
8029,31.3338_72.7175,1,1
8030,32.3041_72.9175,2,1
8033,30.3250_71.7763,2,1
8037,29.5339_71.6764,1,1
8039,31.4426_73.3439,1,1
8041,30.0926_71.8763,1,1
8044,32.2040_72.2851,1,1
8045,30.4926_70.9440,1,1
8047,30.4926_70.9440,1,1
8048,30.4926_70.9440,1,1
8055,30.3426_73.3439,1,1
8057,30.3426_73.3439,1,1
8058,30.8751_73.4175,1,1
8059,29.7663_71.7439,1,1
8060,29.7663_71.7439,1,1
8065,31.3250_73.7763,2,1
8066,31.3250_73.7763,2,1
8076,29.6250_71.3263,1,1
8102,29.2250_72.7851,1,1
8103,31.2751_70.6940,1,1
8110,29.7338_70.8851,1,1
8111,30.1751_73.1263,1,1
8112,30.1751_73.1263,1,1
8114,30.1751_73.5675,1,1
8116,30.0541_71.5439,1,1
8122,30.9662_70.9263,1,1
8125,32.1926_73.0351,1,1
8136,29.7839_71.7675,1,1
8139,30.5838_72.7439,1,1
8142,31.3250_70.9675,1,1
8146,30.9574_73.2175,1,1
8147,30.4750_72.2851,1,1
8149,30.8426_74.0263,1,1
8157,29.8750_71.8763,1,1
8159,30.7426_70.7061,1,1
8162,31.6251_73.3763,1,1
8165,30.8338_71.0439,1,1
8177,29.4427_71.8351,1,1
8187,29.4041_71.6263,1,1
8189,31.0040_73.4175,2,1
8203,30.9926_70.9851,1,1
8204,30.9926_70.9851,1,1
8213,30.5926_71.9763,1,1
8223,29.2426_72.6939,1,1
8224,29.2426_72.6939,1,1
8225,29.2426_72.6939,1,1
8268,32.0163_71.8439,1,1
8282,31.0838_72.8939,1,1
8290,31.4838_73.0263,1,1
8291,29.2074_71.5527,1,1
8292,31.1927_73.1763,1,1
8298,31.1927_72.9763,1,1
8308,30.1250_72.9851,1,1
8309,30.1250_72.9851,1,1
8310,30.1250_72.9851,1,1
8315,29.4541_71.6351,1,1
8316,29.4541_71.6351,1,1
8317,29.4541_71.6351,1,1
8319,31.3663_73.4351,1,1
8328,30.6339_70.7263,1,1
8329,30.6339_70.7263,1,1
8334,32.2927_71.3763,1,1
8341,31.1927_73.9851,1,1
8343,31.4426_72.8439,1,1
8345,29.1541_71.7439,1,1
8347,29.9750_71.1263,1,1
8348,30.9750_73.9351,1,1
8349,30.9750_73.9351,2,1
8351,32.0251_71.1940,1,1
8357,29.5251_71.6175,1,1
8358,29.5251_71.6175,1,1
8359,29.5251_71.6175,1,1
8360,29.5251_71.6175,1,1
8362,29.5427_71.7175,1,1
8363,29.5427_71.7175,1,1
8364,31.0926_72.1852,1,1
8376,31.8927_73.2939,1,1
8394,30.7426_72.4175,1,1
8396,30.0926_71.3675,1,1
8397,30.0926_71.3675,2,1
8398,30.9041_72.3939,1,1
8400,29.4339_71.3939,1,1
8401,31.4926_73.3351,1,1
8406,31.4662_72.9439,1,1
8415,30.6040_72.0561,1,1
8419,30.1839_73.5175,1,1
8426,29.9926_72.3527,1,1
8427,30.1250_72.2561,1,1
8431,29.3927_71.2763,1,1
8436,30.4163_73.4439,1,1
8437,31.5541_73.1061,1,1
8442,30.0662_72.4175,1,1
8447,31.4750_73.0263,1,1
8459,31.8839_72.5439,1,1
8462,30.3750_72.1351,1,1
8472,31.2338_73.9763,2,1
8476,30.0427_72.8351,1,1
8486,31.9926_72.3439,2,1
8503,31.0662_73.1351,1,1
8507,31.6251_73.2175,1,1
8516,29.6162_72.3175,1,1
8519,29.2927_71.5351,1,1
8520,30.8662_73.2561,1,1
8527,29.6250_71.8939,1,1
8529,32.1926_71.4440,1,1
8531,31.4250_73.3763,1,1
8542,31.0750_70.9763,1,1
8554,29.7839_72.1764,1,1
8558,31.5750_72.6675,1,1
8559,31.5750_72.6675,1,1
8561,31.3162_72.3439,1,1
8564,31.3162_72.3439,1,1
8570,30.5040_72.7939,1,1
8577,30.5750_73.8263,1,1
8578,30.6663_72.2939,1,1
8579,31.4540_73.4527,1,1
8588,31.1751_73.4851,1,1
8589,31.1751_73.4851,1,1
8590,31.1751_73.4851,1,1
8595,29.9750_71.8939,1,1
8596,31.7040_73.4851,1,1
8598,29.5926_71.6175,1,1
8604,29.7927_70.5763,1,1
8606,29.9662_71.5763,2,1
8609,29.9075_71.0175,1,1
8610,31.2927_72.5263,1,1
8611,30.1040_72.5061,1,1
8612,30.8338_73.3763,1,1
8613,31.9162_73.2675,1,1
8624,30.3839_73.3763,1,1
8627,30.4838_73.3527,1,1
8630,31.8839_72.7939,1,1
8631,31.8839_72.7939,1,1
8638,31.6339_72.3175,1,1
8650,32.1750_71.9264,1,1
8657,30.9926_72.7675,1,1
8659,30.3426_71.5675,1,1
8660,30.4750_73.7175,1,1
8665,31.0926_71.9763,1,1
8668,30.5662_73.8263,2,1
8676,30.4838_71.0561,1,1
8680,30.1839_72.1263,1,1
8681,29.8927_72.4939,1,1
8682,29.8927_72.4939,1,1
8690,31.1427_72.2175,1,1
8692,31.4750_72.9439,1,1
8713,30.8662_72.1439,2,1
8714,29.2338_72.4939,1,1
8723,31.0339_72.3939,1,1
8735,29.7250_72.1351,1,1
8742,30.2041_73.2027,1,1
8750,29.6250_72.3175,1,1
8751,29.6250_72.3175,1,1
8752,31.1751_73.9439,2,1
8762,30.4427_72.3763,1,1
8766,30.4041_71.8851,1,1
8784,31.3250_73.4351,2,1
8805,30.4541_73.6675,1,1
8809,31.8927_71.8939,1,1
8815,30.7162_73.8561,1,1
8817,30.1250_72.2851,1,1
8819,31.5926_73.4675,1,1
8832,29.4427_71.3175,1,1
8835,31.6163_73.1351,1,1
8853,29.7041_71.7561,1,1
8854,30.1427_71.2175,1,1
8860,30.5838_73.8263,1,1
8861,30.5838_73.8263,1,1
8863,30.9750_73.3439,1,1
8872,30.7338_71.7763,1,1
8873,30.7338_71.7763,1,1
8877,30.7162_72.6027,1,1
8879,30.1040_72.4675,1,1
8880,30.1040_72.4675,1,1
8890,29.2338_71.5175,1,1
8893,30.4541_72.4675,1,1
8894,31.2162_73.9851,1,1
8899,31.3338_72.9939,1,1
8902,30.3839_72.4561,1,1
8904,30.0574_73.2763,1,1
8912,30.5750_72.9175,1,1
8916,31.8927_73.3263,1,1
8922,30.1927_72.6675,1,1
8923,30.1927_72.6675,1,1
8924,30.1040_71.6175,1,1
8932,31.8574_72.7439,1,1
8942,31.3663_72.4439,2,1
8961,30.1575_71.6351,1,1
8963,31.5427_72.3763,1,1
8974,31.8250_73.2175,1,1
8976,29.8250_71.8439,1,1
9006,32.2338_72.8851,1,1
9010,29.9750_71.4061,1,1
9018,31.2250_72.3351,1,1
9020,31.3250_73.0351,1,1
9030,32.0750_72.5027,1,1
9033,30.9926_73.9439,1,1
9035,30.6427_73.3675,2,1
9036,30.3338_72.0263,1,1
9037,30.5838_73.4939,1,1
9059,31.6926_73.6561,1,1
9061,29.3041_71.3061,1,1
9066,31.3663_71.0175,1,1
9072,31.7426_73.5763,1,1
9073,31.7426_73.5763,1,1
9079,30.0339_72.0675,1,1
9082,29.4541_71.1675,1,1
9089,29.2751_71.4675,1,1
9090,29.2751_71.4675,1,1
9092,31.3426_70.9675,1,1
9093,31.3426_70.9675,1,1
9098,29.4163_71.7675,1,1
9102,31.3426_73.6175,1,1
9103,29.8839_73.1675,1,1
9112,31.6838_72.9763,1,1
9114,29.4075_72.8175,1,1
9115,31.7338_73.3763,1,1
9116,31.7338_73.3763,1,1
9117,31.7338_73.3763,1,1
9121,29.8426_71.2851,1,1
9133,29.9251_70.6175,1,1
9142,31.9926_71.9352,1,1
9143,31.9926_71.9352,1,1
9144,29.8750_71.7175,1,1
9146,30.0750_71.4939,1,1
9149,29.9427_70.9763,1,1
9155,30.8338_71.0263,1,1
9161,29.2041_71.9264,1,1
9162,29.6162_72.2939,1,1
9166,31.2426_72.3939,1,1
9171,29.3927_72.7851,1,1
9172,31.3250_72.9561,1,1
9173,31.2426_72.9939,1,1
9179,31.8426_73.5939,1,1
9186,31.3338_73.1763,1,1
9196,29.5427_71.7675,1,1
9199,31.2041_73.9175,2,1
9208,31.0339_70.9440,1,1
9209,31.0339_70.9440,1,1
9215,30.3927_73.0061,1,1
9224,32.1427_72.8939,1,1
9231,30.2250_73.3061,1,1
9232,30.9163_73.7439,1,1
9240,32.0163_72.6175,1,1
9241,32.0163_72.6175,1,1
9245,30.9750_70.9175,1,1
9246,30.9750_70.9175,1,1
9252,29.5662_71.4175,1,1
9253,30.2250_72.6851,1,1
9257,31.2927_73.1439,2,1
9269,31.1339_73.3175,1,1
9271,32.0339_72.7763,1,1
9282,29.8750_70.5851,1,1
9284,30.4041_73.4851,1,1
9287,30.1427_71.3675,1,1
9288,30.2250_73.0175,1,1
9291,30.3338_71.5175,1,1
9293,30.5040_72.2675,2,1
9301,29.9662_72.6851,1,1
9313,30.2927_71.6175,1,1
9314,30.8250_72.4939,1,1
9315,29.8250_71.9352,1,1
9319,30.4339_71.6852,1,1
9320,30.4339_71.6852,1,1
9325,30.1162_71.3939,1,1
9326,30.2162_73.0675,2,1
9327,30.2162_73.0675,1,1
9329,30.4427_73.4175,1,1
9331,29.5163_71.3675,1,1
9333,29.2162_72.7675,1,1
9341,31.8426_72.6675,1,1
9345,29.4662_71.4440,1,1
9358,29.9041_71.7851,1,1
9359,29.9041_71.7851,1,1
9361,31.3927_73.2175,2,1
9362,31.3927_73.2175,2,1
9364,30.3162_73.3561,1,1
9367,30.6839_72.6439,1,1
9369,29.9662_72.3175,1,1
9370,29.9662_72.3175,1,1
9376,30.0427_73.2675,1,1
9379,29.9926_73.0939,1,1
9388,29.7575_71.0851,1,1
9389,29.8162_71.7351,1,1
9390,29.8162_71.7351,1,1
9391,31.5427_73.1763,1,1
9397,30.8162_73.5351,2,1
9404,29.7927_72.6939,1,1
9406,30.1339_72.3027,1,1
9414,31.2663_73.6351,1,1
9416,29.4926_71.7061,1,1
9420,30.9926_72.8061,1,1
9423,29.8750_72.8263,1,1
9427,31.6163_73.6175,1,1
9429,29.4339_71.3675,1,1
9449,30.3927_73.5528,1,1
9455,30.0427_71.7351,2,1
9462,31.6339_72.4939,1,1
9464,31.4250_73.5675,1,1
9465,31.4426_72.8939,2,1
9466,31.4426_72.8939,1,1
9473,29.9662_72.0175,1,1
9475,31.4662_73.0351,1,1
9479,30.0838_71.3939,1,1
9483,30.7839_73.7851,1,1
9489,30.9926_73.9351,1,1
9496,29.6338_70.9939,1,1
9497,29.6338_70.9939,1,1
9505,31.3751_72.3939,1,1
9506,30.1040_72.6263,1,1
9509,30.4427_72.3175,1,1
9510,30.4427_72.3175,1,1
9514,29.8250_72.8351,1,1
9519,31.3540_72.9263,1,1
9522,30.8662_72.9263,1,1
9526,31.0662_72.3263,1,1
9527,29.7839_72.0939,2,1
9538,30.0251_70.7175,1,1
9544,29.3338_71.2851,1,1
9553,30.7426_73.3263,1,1
9556,32.1427_72.5763,1,1
9557,32.1427_72.5763,1,1
9560,29.4926_71.2263,1,1
9565,30.2426_73.0439,1,1
9577,30.1663_73.4175,1,1
9582,29.4163_71.8351,1,1
9585,30.6427_73.5439,1,1
9592,30.3927_73.1675,1,1
9593,29.6839_72.4175,1,1
9594,30.3662_73.3851,1,1
9599,31.9926_72.9351,2,1
9602,30.1663_70.9763,1,1
9606,31.8250_72.1852,1,1
9607,29.8338_72.8175,1,1
9609,30.8338_72.7851,1,1
9611,32.1339_72.7175,1,1
9612,30.8162_72.8175,1,1
9615,31.4338_72.8351,1,1
9617,30.3041_73.3263,1,1
9622,31.8426_71.8763,1,1
9626,30.7162_72.6351,1,1
9627,30.9750_72.8175,1,1
9632,30.9075_73.3263,2,1
9637,29.6074_72.1027,1,1
9647,30.8839_72.2263,1,1
9651,31.5750_73.6851,2,1
9658,30.4427_72.7675,1,1
9660,29.9427_72.1676,1,1
9662,30.0040_72.2763,1,1
9671,30.7426_73.7851,1,1
9672,31.5427_70.9939,1,1
9675,30.1663_72.7675,1,1
9676,30.1339_71.5675,1,1
9678,31.1927_72.9939,1,1
9685,30.5541_71.5851,1,1
9704,30.9427_73.5939,1,1
9715,30.7162_72.4561,2,1
9716,30.7041_73.0439,1,1
9720,29.2540_72.5851,1,1
9722,30.1427_71.2061,1,1
9729,30.2250_73.1939,1,1
9730,30.2250_73.1939,1,1
9734,30.6427_73.3351,1,1
9736,31.1575_72.2939,2,1
9737,30.0750_71.4061,1,1
9739,30.6927_71.7763,1,1
9740,30.4251_73.0675,1,1
9742,31.6838_73.2763,2,1
9751,31.3250_72.3175,1,1
9752,31.3250_72.3175,1,1
9759,29.7927_71.0061,1,1
9761,31.0251_72.4851,1,1
9762,31.0251_72.4851,1,1
9763,32.0075_71.1175,1,1
9769,31.3927_72.9175,1,1
9771,31.2162_73.3439,2,1
9782,30.4541_70.9352,1,1
9784,29.9926_71.8851,1,1
9785,29.9926_71.8851,1,1
9792,31.6838_73.5763,2,1
9793,32.1662_72.8175,1,1
9794,30.4838_72.5939,1,1
9795,31.4250_72.6263,1,1
9800,31.3426_73.1351,1,1
9806,30.9251_73.3263,1,1
9808,30.9251_73.3263,1,1
9809,30.9251_73.3263,1,1
9813,31.2839_72.3939,1,1
9816,29.9339_71.1439,1,1
9817,30.2041_70.9675,1,1
9819,29.7839_70.7028,1,1
9821,31.4250_73.6939,1,1
9823,29.2250_71.4175,1,1
9824,29.2250_71.4175,1,1
9825,29.2250_71.4175,1,1
9826,29.2250_71.4175,1,1
9829,31.0163_72.1561,1,1
9831,30.1927_72.8263,1,1
9835,32.0750_71.8061,2,1
9841,30.4838_73.5175,1,1
9845,30.1040_71.3763,1,1
9851,31.0427_70.9440,1,1
9857,31.1663_70.8939,1,1
9871,29.8927_70.6351,1,1
9881,30.7162_73.5675,1,1
9889,31.1251_73.2175,1,1
9891,29.8426_71.5675,1,1
9892,31.2250_70.9175,1,1
9894,30.5926_73.8675,1,1
9895,30.9750_72.6851,2,1
9896,29.6338_71.0175,1,1
9898,30.7162_73.0175,2,1
9901,31.2338_73.0027,1,1
9911,31.4426_72.8061,1,1
9918,31.0427_72.8851,1,1
9922,29.8662_71.9675,1,1
9923,29.8662_71.9675,1,1
9938,30.6839_73.1263,1,1
9955,31.3839_73.1527,1,1
9957,30.2540_73.2175,1,1
9960,30.3162_73.1939,1,1
9969,31.6427_73.1175,1,1
9977,30.1427_71.2439,1,1
9978,30.1427_71.2439,1,1
9981,31.2839_73.4439,1,1
9988,29.6427_71.5675,1,1
10003,31.0926_73.7527,1,1
10011,30.4163_72.4175,1,1
10012,30.4163_73.7675,1,1
10015,29.9163_71.0561,1,1
10028,31.0251_73.8675,1,1
10031,31.4162_72.9439,1,1
10046,32.1163_71.2351,1,1
10048,30.4163_72.3439,1,1
10049,30.4163_72.3439,1,1
10050,32.1427_71.4175,1,1
10053,30.1927_73.1763,1,1
10059,31.5163_73.3175,2,1
10061,31.9926_72.3763,2,1
10072,30.4662_72.3675,1,1
10085,31.2927_72.5351,1,1
10091,32.0662_73.1527,1,1
10095,31.2074_72.3439,1,1
10113,30.2041_72.7061,1,1
10119,29.3927_71.6351,1,1
10121,30.5251_71.9675,1,1
10125,31.9338_72.5851,1,1
10130,30.8662_72.5675,1,1
10131,30.8662_72.5675,2,1
10141,30.2250_73.1851,1,1
10142,29.9339_71.3061,2,1
10143,30.3250_72.2175,1,1
10149,29.7751_71.2675,1,1
10159,30.1250_73.0675,1,1
10162,29.8540_71.0939,1,1
10164,31.2162_72.2763,1,1
10166,32.3338_72.5675,1,1
10177,30.6839_73.7940,1,1
10196,31.4926_72.9851,1,1
10198,31.7751_73.4439,1,1
10202,30.0163_71.8851,1,1
10216,31.5838_72.6675,1,1
10228,30.3162_70.9675,1,1
10232,30.9427_73.7561,1,1
10247,32.1339_71.2561,1,1
10261,29.6162_71.9763,1,1
10262,29.6162_71.9763,1,1
10263,31.4750_72.9175,1,1
10265,31.0251_72.9175,2,1
10267,31.4250_72.2675,1,1
10271,29.6663_72.1439,1,1
10272,29.5427_71.8263,1,1
10275,29.5040_72.0675,1,1
10276,31.0541_72.5763,1,1
10286,30.1927_72.7061,1,1
10288,30.2250_71.4440,1,1
10296,31.3162_72.3061,1,1
10301,31.0750_73.6439,2,1
