label_id,patch_id,class,n_patches
19,27.0056_80.3661,1,4
20,27.0056_80.3661,1,4
29,26.9257_81.0661,1,4
31,26.0879_81.2161,0,4
39,26.0258_80.7485,1,4
41,27.2758_82.1283,1,4
43,25.7143_81.3283,1,4
47,28.0879_80.6573,0,4
49,26.1879_80.3985,0,4
56,25.8379_81.8749,1,4
58,26.5967_79.2749,0,4
59,26.5967_79.2749,0,4
68,27.9257_80.7783,0,4
69,27.9257_80.7783,1,4
70,27.9257_80.7783,2,4
72,27.5555_81.7249,2,4
84,27.1757_80.8749,2,4
91,27.3291_81.8073,1,4
97,26.6291_80.9749,2,4
98,26.6291_80.9749,1,4
103,26.5879_79.4397,1,4
107,27.6258_82.1574,1,4
108,26.3143_82.0283,1,4
117,27.6791_80.4250,1,4
118,27.6791_80.4250,1,4
120,25.9144_81.7783,1,4
123,26.9757_80.3249,2,4
124,26.0291_80.4283,0,4
125,26.3879_80.7283,1,4
126,25.7967_81.5661,1,4
129,26.3291_80.7749,1,4
132,25.9467_80.4485,1,4
144,26.5879_79.2783,0,4
145,26.5879_79.2783,0,4
147,25.9379_81.8249,1,4
151,27.2791_81.1897,2,4
152,27.2791_81.1897,1,4
157,27.9757_79.9161,1,4
166,26.9643_82.3283,2,4
169,25.9555_81.6783,1,4
171,26.1791_81.7161,1,4
174,26.4467_79.5283,2,4
177,26.3967_81.7783,1,4
178,27.9757_81.5573,2,4
188,27.5555_80.9397,2,4
189,26.3055_82.0283,1,4
191,26.1143_81.7749,2,5
218,28.0291_80.4283,2,4
219,28.0056_81.5783,2,4
224,27.4055_80.2661,1,4
227,27.6291_81.6574,1,4
231,27.5291_80.2161,1,4
233,27.6143_80.1283,2,4
234,25.5555_81.3283,1,4
235,27.0879_79.1573,0,4
236,27.5791_82.0783,2,4
237,27.9379_80.5249,1,4
238,27.0467_81.0283,1,4
239,27.5791_80.0985,2,4
240,27.3291_79.3283,0,4
241,26.9791_81.1283,1,4
247,26.5555_80.4250,0,4
248,26.5555_80.4250,0,4
252,25.9791_81.2161,1,4
264,26.2791_81.0749,1,4
267,28.0291_79.9749,1,4
276,26.9791_81.0397,2,4
277,26.1257_82.0073,1,4
278,26.9555_80.4749,2,4
284,28.2644_79.8783,1,4
287,25.8792_81.8783,1,4
292,25.9291_82.0397,1,4
294,26.7556_79.0573,1,4
298,27.6258_81.0749,1,4
299,27.4291_80.9749,2,4
303,26.9643_80.8985,1,4
308,26.4555_79.5283,2,4
309,26.4555_79.5283,1,4
314,26.0791_81.8249,1,4
315,26.0791_81.8249,1,4
319,27.6555_81.4485,1,4
321,26.4467_81.8661,1,4
326,26.7055_79.4283,1,4
328,27.8467_81.7783,1,4
338,28.1258_79.7783,1,4
340,27.0379_79.4485,0,4
342,26.1879_79.7661,1,4
344,27.7468_80.2283,2,4
345,26.2556_81.5073,2,4
346,26.2556_81.5073,1,4
348,26.2379_80.6750,1,4
352,25.8379_81.8783,1,4
357,26.7257_78.9573,1,4
358,26.7257_78.9573,1,4
359,26.7257_78.9573,1,4
364,27.9467_81.6249,1,4
367,25.6292_80.0661,1,4
368,26.9257_79.4783,1,4
369,26.4643_80.9783,1,4
370,25.9379_81.8283,1,4
379,26.2291_80.4250,1,4
381,26.1967_81.1750,1,4
404,27.9055_81.1397,2,4
405,28.0467_79.7283,2,4
407,27.7556_80.1283,1,4
409,27.2791_82.1249,1,4
417,27.6258_82.1662,1,4
418,27.8379_80.2485,1,4
420,26.9055_82.4249,1,4
421,27.4968_79.2749,1,4
423,26.4257_81.9162,1,4
425,26.7791_81.1662,1,4
426,26.1257_82.0161,1,4
428,27.9055_80.8283,0,4
437,25.6758_81.0749,2,4
440,25.6257_81.3897,1,4
441,25.7967_80.9073,1,4
447,28.0291_80.3897,0,4
450,26.5555_81.6249,1,4
456,27.0555_82.4249,2,4
459,26.6291_80.6249,0,4
460,26.6291_80.6249,0,4
461,27.6467_82.1486,2,4
462,28.0791_79.8485,2,4
463,26.7257_81.4749,1,4
467,26.9757_81.0397,2,4
468,26.6291_79.2283,1,5
470,26.6555_79.3783,1,4
471,26.4257_82.0283,1,4
474,26.6055_81.8397,1,4
481,27.5879_80.1073,2,4
485,27.3467_80.1750,1,4
487,26.0791_81.2073,1,4
492,27.5258_79.8249,1,4
493,27.2644_79.2161,1,4
497,27.6791_79.5283,1,4
498,27.6791_79.5283,1,4
499,27.6791_79.5283,1,4
500,27.6791_79.5283,2,4
501,27.3055_81.1750,1,4
502,27.3055_81.1750,1,4
512,26.9291_79.7397,2,4
518,27.1757_80.6283,1,4
519,27.1757_80.6283,1,4
520,26.0258_80.9749,1,4
523,26.7291_81.4749,1,4
526,26.6757_80.8397,0,4
528,28.2758_79.7283,1,4
529,28.2758_79.7283,1,4
547,27.6258_81.6574,1,4
559,26.6791_81.3073,1,4
560,26.6791_81.3073,1,4
569,26.6291_80.2161,1,4
570,26.5791_81.7283,1,4
581,25.8291_81.8397,1,4
582,26.7644_79.0485,1,4
583,26.7644_79.0485,1,4
586,28.3379_79.8783,1,4
587,27.5291_80.1573,1,4
597,27.8143_80.4783,2,4
601,26.1791_81.9661,1,4
602,26.9055_81.8573,1,4
603,27.0467_81.0249,1,4
616,27.0757_80.3073,1,4
624,26.1791_81.5749,1,4
630,26.4291_82.1662,1,4
634,26.2758_79.7283,1,4
636,25.9791_81.2249,1,4
638,25.7291_80.7573,0,4
640,27.0967_79.2749,2,4
644,26.5056_81.0249,1,4
647,26.0258_80.4250,0,4
648,26.0258_80.4250,2,4
650,26.6555_79.6573,1,4
652,26.7791_81.4283,2,4
659,27.7257_81.6283,2,4
660,27.7257_81.6283,2,4
661,25.9968_81.9283,1,4
662,26.7879_81.7783,1,4
663,26.1468_81.7161,1,4
666,25.5757_81.6750,1,6
667,25.5757_81.6750,1,6
668,27.7257_81.6249,2,4
669,27.7257_81.6249,2,4
673,27.9792_79.8783,1,4
678,26.5258_81.8073,1,4
679,26.2291_79.7783,1,4
681,26.2291_79.7783,0,4
683,26.2291_79.7783,0,4
685,26.2291_79.7783,1,4
686,26.2291_79.7783,0,4
694,27.0791_82.4249,1,4
695,26.8791_82.4249,1,4
697,26.4555_80.5249,2,4
706,27.3879_79.5573,1,4
707,27.3879_79.5573,2,4
713,26.9791_78.7783,1,4
720,27.3467_79.6161,1,4
722,27.3791_79.4250,2,4
723,27.2556_79.2161,1,4
726,28.3055_79.6573,2,4
727,28.0258_80.4250,2,4
728,25.5643_81.5283,1,4
736,26.6379_80.8485,2,4
737,27.9379_79.7783,2,4
745,26.1055_81.7749,2,5
748,26.2758_79.7661,2,4
749,26.8758_82.4073,1,4
750,26.1380_80.1662,1,4
759,27.6791_80.4783,2,4
760,27.6791_80.4783,2,4
761,26.7291_81.1574,2,4
762,26.7291_81.1574,2,4
763,25.7257_81.8161,2,4
772,27.6291_78.9249,1,4
773,26.2791_79.7661,2,4
781,28.0258_79.8749,1,4
784,27.3257_80.7283,1,4
785,26.4055_81.6283,1,4
787,26.4257_82.0661,1,4
791,25.4291_81.4250,1,4
793,26.7291_81.9985,2,4
794,28.2055_79.8283,1,4
797,27.8555_79.2661,1,4
798,25.7379_80.7485,0,4
800,27.3643_79.5783,1,4
802,26.6379_80.6249,0,4
803,26.6379_80.6249,0,4
826,25.8757_80.9283,2,4
827,27.4757_82.0073,2,4
839,26.3643_82.0249,1,4
842,26.9791_82.3283,1,4
843,26.9791_82.3283,1,6
848,26.7257_80.9485,0,4
862,27.3055_80.7749,1,4
865,26.4257_81.9283,0,4
866,27.6258_80.0283,1,4
867,26.9880_79.6661,1,4
868,27.3467_80.8749,1,4
870,26.6555_79.6485,1,4
876,25.8055_80.6283,1,4
877,25.8055_80.6283,0,4
881,27.7879_81.2249,1,4
882,27.7879_81.2249,1,4
891,26.4757_80.5161,1,4
895,26.4143_82.2073,2,4
896,27.6967_78.9783,1,4
897,28.0555_79.7249,2,4
907,27.0467_79.4485,0,4
914,25.8467_80.7573,2,4
918,26.6143_81.8397,1,4
921,26.5291_80.9485,1,4
926,26.7143_81.1662,2,4
927,26.7143_81.1662,1,6
930,27.6791_81.7749,2,4
934,26.2758_81.0749,1,4
940,27.3143_82.3783,1,4
947,27.8758_80.6283,2,4
949,27.5291_78.8783,1,4
958,26.3291_80.6397,2,4
961,25.7791_80.6249,1,4
962,25.7791_80.6249,0,4
964,26.0467_82.1397,1,4
969,27.8967_81.1397,2,4
971,26.1055_80.4162,0,4
972,26.1055_80.4162,1,4
980,25.8757_81.0783,1,4
984,27.4880_79.2783,1,4
989,27.8967_79.2249,1,4
990,26.6555_81.3485,1,4
1004,27.9257_80.7661,1,4
1005,26.8879_81.9162,0,4
1007,27.3967_82.1783,1,4
1012,27.5379_78.8783,1,4
1013,27.5379_78.8783,1,4
1014,25.7055_81.0283,0,4
1020,27.2758_80.8283,1,4
1021,27.2758_80.8283,1,4
1029,27.5056_79.2283,1,4
1033,26.3291_80.7783,1,4
1038,27.4792_82.0161,2,4
1043,27.6555_81.3749,1,4
1047,26.7143_79.4250,1,4
1051,26.3143_80.1783,1,4
1068,26.9791_81.8749,2,4
1071,26.4257_81.8573,1,4
1073,26.4257_81.8573,1,4
1074,26.4257_81.8573,1,4
1077,27.0291_79.5073,1,4
1081,26.7879_81.2749,1,4
1082,26.7879_81.2749,1,4
1083,26.7879_81.2749,1,4
1084,26.7879_81.2749,1,6
1086,28.1258_81.4250,1,4
1087,28.1258_81.4250,2,4
1089,28.3291_80.9573,0,4
1090,26.9791_80.3249,2,4
1091,27.9643_81.4749,1,4
1093,26.0791_81.8161,1,4
1095,26.9968_81.1249,2,5
1101,26.9968_80.3661,1,4
1102,26.9968_80.3661,1,4
1103,27.7556_80.2283,2,4
1108,28.0291_80.4250,2,4
1113,26.9757_78.7749,1,4
1115,26.7257_81.1485,2,4
1137,27.7055_80.0249,2,4
1138,26.7143_81.1783,1,4
1142,26.4467_81.8573,1,4
1147,25.9791_80.9783,0,4
1149,25.7791_81.5249,1,4
1152,26.7468_82.1783,1,4
1153,26.6291_81.4283,1,4
1157,27.3967_82.1897,1,4
1159,27.2791_82.1283,1,4
1165,26.4968_80.6783,1,4
1166,28.0291_79.4250,1,4
1167,28.0291_79.4250,1,4
1168,26.9555_80.9073,2,4
1170,27.0757_82.4283,1,4
1171,27.6757_80.4749,2,4
1172,27.6757_80.4749,2,4
1173,25.6055_81.6397,1,4
1179,26.4879_80.6783,1,4
1184,27.8967_79.2283,1,4
1187,26.8879_81.4283,1,4
1188,26.0291_81.4397,1,4
1202,27.3257_81.8073,1,4
1205,26.7879_78.9783,1,4
1215,26.2468_79.7749,1,5
1217,26.7791_81.2485,1,4
1218,26.7791_81.2485,1,4
1219,26.7791_81.2485,1,4
1222,27.9792_81.4573,2,4
1223,27.9792_81.4573,2,4
1228,27.5757_82.0783,2,4
1230,26.6791_79.6283,1,4
1238,28.1258_79.5985,1,4
1243,26.7879_81.2783,1,4
1244,26.7879_81.2783,1,4
1245,26.7879_81.2783,1,4
1250,26.5555_82.0283,1,4
1252,26.5967_82.3249,2,4
1254,26.4055_82.2161,2,4
1255,26.1292_82.0249,1,4
1256,26.8143_78.9161,1,6
1260,26.1257_80.4250,0,4
1262,26.4291_81.8661,1,4
1263,26.4291_81.8661,1,4
1269,27.7791_81.8661,2,5
1271,26.0967_80.4162,0,4
1288,28.1643_79.9749,2,4
1293,26.1055_80.4250,0,4
1297,26.0291_80.7485,1,4
1299,27.5643_78.9283,2,4
1307,27.8467_80.3749,1,4
1308,26.1967_80.2749,2,4
1314,26.0967_81.1397,1,4
1318,26.7556_82.2073,1,4
1319,28.1291_79.7749,1,4
1320,26.1468_79.8249,2,4
1325,25.7257_81.0661,0,4
1326,27.3291_79.1661,1,4
1332,27.9757_79.7249,2,5
1336,25.8880_81.8986,2,4
1339,26.1380_80.7783,1,4
1343,26.1791_81.5661,1,4
1344,26.8879_80.2783,1,4
1345,27.8791_81.5783,1,4
1349,26.0757_81.0783,1,4
1352,26.7468_79.0749,1,4
1356,25.9467_81.5283,1,4
1371,27.9055_79.2249,1,4
1373,26.4791_82.3749,2,4
1377,26.3791_80.6161,0,4
1379,25.8379_80.5783,2,4
1380,25.8379_80.5783,2,4
1381,25.8379_80.5783,1,4
1385,26.4467_80.5485,1,4
1388,25.5967_81.6283,1,4
1389,25.5967_81.6283,2,4
1392,26.5967_79.2783,0,4
1395,27.2291_80.5397,2,4
1407,28.2055_79.5249,1,4
1408,28.2055_79.5249,1,4
1412,27.6291_80.0249,1,4
1417,26.3257_80.7783,1,4
1418,26.5291_79.8749,1,5
1421,26.3879_80.7249,1,4
1426,27.9792_79.7283,2,4
1433,27.4968_80.0485,2,4
1437,26.9467_80.4749,2,4
1442,26.7257_79.6985,1,4
1443,28.2292_79.6161,2,4
1458,26.1292_80.2283,1,4
1459,26.1292_80.2283,2,4
1460,26.1292_80.2283,1,4
1465,26.9291_81.4250,1,4
1469,25.6556_81.7783,2,4
1479,27.3291_79.1783,2,4
1480,27.3291_79.1783,0,4
1487,27.4757_80.1073,2,4
1488,27.1258_79.7249,1,4
1489,27.1258_79.7249,1,4
1492,26.4291_81.7485,1,4
1507,26.1967_79.8283,1,4
1509,26.1967_79.8283,0,4
1512,26.1967_79.8283,0,4
1513,26.1967_79.8283,0,4
1514,26.1967_79.8283,0,4
1515,26.1967_79.8283,0,4
1516,25.6055_81.1283,1,4
1533,27.5555_79.8161,2,4
1555,27.4379_79.8783,1,4
1562,27.5291_81.1249,2,4
1565,27.2791_80.8249,1,4
1566,27.2791_80.8249,1,4
1580,26.6291_79.2249,0,4
1581,26.6291_79.2249,1,5
1584,27.9792_79.7249,2,5
1585,26.1967_82.1249,1,4
1586,26.1967_82.1249,1,4
1587,26.1967_82.1249,2,4
1597,26.0379_81.3161,1,4
1599,27.0379_80.9250,1,4
1602,26.3967_80.7283,1,4
1608,27.5056_78.9249,1,4
1610,27.8791_80.0485,2,4
1612,27.5056_78.8783,1,4
1616,27.7468_81.4783,2,4
1617,27.7468_81.4783,1,4
1618,26.6791_80.8283,0,4
1619,26.6791_80.8283,0,4
1620,26.6791_80.8283,1,4
1626,28.0258_79.9783,1,4
1628,25.5258_81.5783,0,4
1629,25.5258_81.5783,0,4
1630,25.5258_81.5783,0,4
1632,25.7291_81.6073,1,4
1635,26.5291_82.2749,2,4
1646,25.8880_80.5985,1,4
1651,27.0291_80.9283,1,4
1652,26.4555_79.5249,2,4
1653,26.4555_79.5249,1,4
1662,27.8291_79.5985,1,4
1667,26.4379_80.1485,2,4
1669,26.4379_80.1485,2,4
1675,27.7758_80.6073,2,4
1678,27.3643_81.7749,1,4
1679,27.3643_81.7749,1,4
1692,26.1292_80.9283,2,4
1693,26.1292_80.9283,1,4
1694,26.1292_80.9283,1,4
1697,26.4257_79.6750,1,4
1698,26.5879_79.2661,1,4
1699,26.9880_79.2661,1,4
1700,26.9880_79.2661,1,4
1701,27.4880_79.3283,1,5
1704,26.4968_80.6750,1,4
1711,26.9291_81.8249,1,4
1722,27.6879_81.5749,1,4
1725,27.7292_81.6249,2,4
1730,26.7644_79.0749,1,4
1736,27.4257_80.9783,2,4
1737,26.3257_79.9485,2,4
1738,26.3257_79.9485,1,4
1740,26.3257_79.9485,0,4
1750,26.4257_81.7485,1,4
1751,26.4257_81.7485,1,4
1752,26.9880_79.3897,1,4
1758,25.7143_81.3249,1,4
1760,27.6757_79.5249,1,4
1761,27.6757_79.5249,1,4
1762,27.6757_79.5249,1,4
1767,27.6791_79.5249,1,4
1768,27.6791_79.5249,1,4
1769,27.6791_79.5249,1,4
1770,27.6791_79.5249,2,4
1774,27.3791_79.5661,1,4
1775,27.3791_79.5661,2,4
1779,25.8055_81.5485,1,4
1783,26.2291_79.7749,1,4
1784,26.2291_79.7749,0,4
1785,26.2291_79.7749,0,4
1786,26.2291_79.7749,0,4
1787,26.2291_79.7749,1,4
1788,26.2291_79.7749,0,4
1796,27.6879_81.5485,2,4
1798,28.0467_79.7249,2,4
1799,27.4757_80.1161,2,4
1811,26.6791_81.4162,1,4
1815,26.9257_81.0485,2,4
1817,27.8791_79.9485,2,4
1820,27.4968_79.2783,1,4
1824,27.5258_79.4397,0,4
1826,26.8791_82.4283,1,4
1829,27.9968_81.5783,1,4
1830,27.9968_81.5783,2,4
1831,25.5379_81.5749,1,4
1832,28.2143_79.5161,1,4
1833,28.3379_79.8749,1,4
1835,26.7143_81.1750,2,4
1836,26.7143_81.1750,1,4
1837,26.7143_81.1750,1,4
1839,27.3643_81.7783,1,4
1840,27.3643_81.7783,1,4
1849,27.2291_79.2661,1,4
1850,28.0258_80.4283,2,4
1853,28.1879_79.3661,1,4
1854,28.1879_79.3661,2,4
1858,27.5056_80.9661,1,4
1865,27.5467_79.8161,2,4
1867,26.1758_80.8161,1,4
1871,26.8055_78.9249,2,4
1872,26.8055_78.9249,1,4
1876,26.1644_81.1750,2,4
1879,25.5757_81.6783,1,6
1880,25.4379_81.4250,1,4
1885,27.0757_80.2283,2,4
1887,26.9880_79.2573,1,4
1889,25.8055_81.5397,1,4
1893,27.7380_80.8661,1,4
1894,27.3257_80.9749,1,4
1900,27.4968_79.8249,1,4
1901,27.8555_79.2749,1,4
1902,27.8555_79.2749,1,4
1903,27.8555_79.2749,1,4
1909,28.1967_79.9397,1,4
1914,27.0258_79.7397,1,4
1916,26.3467_79.6485,1,4
1917,27.1055_81.9783,2,4
1918,27.1055_81.9783,2,4
1921,27.0555_82.3985,0,4
1928,26.2143_79.7897,0,4
1933,27.4792_79.3283,2,4
1934,27.4792_79.3283,1,5
1942,27.1258_79.8897,2,4
1951,27.6555_82.1397,2,4
1953,28.1258_79.3485,0,4
1955,28.1291_81.4250,1,4
1956,28.1291_81.4250,2,4
1961,26.8967_82.3749,2,4
1963,27.8379_81.7485,1,4
1966,26.9791_81.8783,2,4
1970,27.5555_81.7161,2,4
1971,27.3257_80.7397,1,4
1974,26.2257_79.7749,1,4
1975,26.2257_79.7749,0,4
1976,26.2257_79.7749,0,4
1977,26.2257_79.7749,0,4
1998,27.3879_80.9749,1,4
2000,26.2758_79.8749,2,4
2001,26.4555_81.5783,1,4
2004,26.7257_81.4783,1,4
2005,27.9757_81.5485,2,4
2009,25.8555_81.6249,1,4
2014,26.7468_82.1985,2,4
2016,26.9880_79.6750,1,4
2017,27.6055_79.5985,1,4
2031,27.7380_81.1783,2,4
2042,26.7556_79.0485,1,4
2045,26.0258_80.4283,0,4
2046,28.0258_79.8783,1,4
2069,27.1055_81.9749,2,4
2081,27.0791_80.3073,1,4
2084,27.5056_80.9897,1,4
2087,26.8257_80.2249,1,4
2090,26.5967_81.0573,1,4
2093,26.2291_79.7661,0,4
2094,26.8555_80.3283,1,4
2095,26.8555_80.3283,1,4
2105,27.0056_82.1249,0,4
2109,28.1967_79.3661,2,4
2115,27.1791_81.7073,1,4
2121,27.6757_80.0161,1,4
2124,27.7380_80.8573,1,4
2125,27.7380_80.8573,1,4
2126,27.7380_80.8573,1,4
2127,27.7380_80.8573,1,4
2129,27.7380_80.8573,1,4
2131,27.4055_80.6485,1,4
2132,25.6257_81.3749,1,4
2137,26.3757_80.6161,0,4
2143,25.5258_81.2485,1,4
2145,27.5144_81.7283,2,4
2149,26.7967_81.7485,0,4
2155,27.5791_80.1073,2,4
2156,27.4643_79.9749,2,4
2172,28.0757_79.6283,1,4
2177,27.5258_79.2283,2,4
2179,26.9968_80.3573,1,4
2180,26.9968_80.3573,1,4
2181,26.9968_80.3573,1,4
2183,26.0379_81.9283,1,4
2188,27.8055_80.2749,2,4
2190,26.6791_79.1073,1,4
2192,27.0291_79.8985,1,4
2194,25.8757_80.9250,2,4
2198,26.6055_80.4485,1,4
2207,27.1291_79.8897,2,4
2212,26.4467_81.2897,2,4
2217,26.0757_81.8073,1,4
2222,26.8467_80.3283,1,4
2223,26.8467_80.3283,1,4
2225,27.1055_81.3283,2,4
2232,27.6291_80.2897,2,4
2233,26.0791_81.6283,1,4
2234,25.8792_81.0749,1,4
2235,27.2257_82.2985,1,4
2239,25.9968_81.9250,1,4
2244,26.1556_80.1485,0,4
2246,26.1556_80.1485,0,4
2247,27.3143_80.7661,1,4
2249,26.6291_81.2985,1,4
2250,28.3055_79.9250,1,4
2261,27.6143_79.5985,1,4
2263,27.6055_79.6783,1,4
2269,27.9757_79.7283,2,4
2277,26.9055_81.8661,1,4
2279,26.7291_79.2897,1,4
2286,26.6791_80.8073,2,4
2287,27.4379_80.1073,0,4
2290,26.5879_82.3249,2,4
2294,27.6055_79.1073,0,4
2301,26.6791_80.8161,1,4
2302,27.9257_80.8249,2,4
2303,26.0757_80.6573,1,4
2304,27.2257_82.3073,1,4
2312,26.7291_80.9162,1,4
2316,27.3143_79.8161,1,4
2322,27.9291_80.7249,2,4
2323,27.9291_80.7249,2,4
2324,26.4291_79.6750,1,4
2325,26.4291_79.6750,0,4
2326,26.0291_80.9749,1,4
2329,27.3291_80.7283,1,4
2333,26.7468_81.3161,2,4
2344,27.3555_80.8661,1,4
2349,26.2468_80.6783,1,4
2353,27.1258_81.7073,1,4
2354,26.8879_81.4250,1,4
2355,27.6379_80.5073,2,4
2356,28.2143_80.2783,2,4
2364,28.2879_79.5073,0,4
2377,27.9143_80.8249,1,4
2378,27.9143_80.8249,2,4
2385,27.9143_80.8249,0,4
2388,26.1468_81.7073,1,4
2396,26.9643_80.8783,1,4
2402,25.8257_81.5283,1,4
2403,25.8257_81.5283,1,4
2405,26.4291_80.5661,1,4
2407,26.4291_80.5661,1,5
2416,28.0791_79.6249,1,4
2417,28.0791_79.6249,1,4
2418,26.3257_82.0283,0,4
2425,26.4791_81.3985,0,4
2426,26.4791_81.3985,2,4
2427,26.2791_79.7397,1,4
2432,26.1292_80.7749,1,4
2435,26.5555_80.2249,0,4
2438,27.7055_78.9661,2,4
2439,27.7055_78.9661,1,5
2448,27.4467_80.1161,0,4
2452,27.2055_79.5783,1,4
2453,26.5879_79.4485,1,4
2459,26.3967_81.8249,1,4
2463,26.2791_79.7249,1,4
2465,27.3143_79.8249,1,4
2467,27.2257_82.3161,1,4
2470,25.7291_80.9985,0,4
2472,27.8291_79.5897,1,4
2473,27.8291_79.5897,1,4
2474,25.8792_81.6283,2,4
2476,26.3291_80.6485,2,4
2477,26.3291_80.6485,1,4
2479,26.9791_79.2661,1,4
2484,27.9143_79.5161,2,4
2486,26.8257_82.3073,2,4
2488,25.4056_81.3073,1,4
2504,27.1055_81.3249,2,4
2505,26.3757_79.2161,1,4
2512,28.0291_79.8749,1,4
2515,27.4257_80.1283,1,4
2516,27.9379_81.5661,2,4
2518,26.8291_80.2283,1,4
2532,27.1258_79.8985,2,4
2534,27.2143_81.9074,2,4
2535,27.2143_81.9074,1,4
2538,27.6379_79.8073,2,4
2559,26.0258_81.8249,1,4
2560,27.6055_79.5897,1,4
2561,25.8379_81.1283,0,4
2567,26.4968_79.5161,0,4
2568,26.9555_80.8783,1,4
2573,26.9555_80.8783,2,6
2586,27.9792_81.4661,2,4
2587,27.9792_81.4661,2,4
2588,27.9792_81.4661,1,4
2595,26.7257_81.8986,2,4
2600,27.8791_79.9397,2,4
2608,27.5291_79.2249,2,4
2620,27.9555_79.8897,1,4
2629,27.5379_80.0161,1,4
2641,28.2292_79.4573,0,4
2642,27.3143_79.8783,1,4
2652,25.5967_81.6897,2,4
2665,26.9791_79.3897,1,4
2666,26.0757_81.2073,1,4
2674,27.1258_79.7283,1,4
2675,27.1258_79.7283,1,4
2681,27.3967_80.9661,1,4
2687,26.5379_80.9573,1,4
2695,27.9291_79.9161,1,4
2696,27.9291_79.9161,1,4
2697,26.9257_79.7397,2,4
2701,25.8055_81.1283,2,4
2704,26.1758_81.5661,1,4
2716,25.9555_80.4485,1,4
2717,26.2791_79.7749,2,4
2722,25.9968_80.8249,1,4
2737,27.5879_80.6783,1,4
2740,26.1556_81.1750,2,4
2743,26.2468_80.6750,1,4
2745,27.0258_79.4985,1,4
2750,27.2967_81.1750,1,4
2758,25.6292_81.3897,1,4
2759,27.7257_81.1783,2,4
2763,26.0555_80.5783,1,4
2766,26.1556_81.7073,1,4
2771,26.1380_81.0283,1,4
2777,26.9257_81.8249,1,4
2779,26.7468_81.5783,1,4
2781,27.4880_80.0485,2,4
2783,25.7055_79.7283,1,4
2786,26.3291_80.9783,1,4
2787,26.8055_82.3249,1,4
2802,26.3291_79.9573,1,4
2804,26.3291_79.9573,1,4
2808,26.7879_78.9897,1,4
2810,26.4291_81.7573,1,4
2811,26.4291_81.7573,1,4
2820,26.3643_80.3073,1,4
2824,26.7291_81.2283,1,4
2825,26.0291_80.9783,1,4
2830,26.5757_81.7249,1,4
2831,25.8555_81.7573,0,4
2832,27.1791_82.4161,1,4
2843,27.6967_81.5485,2,4
2853,25.5879_81.6985,1,4
2858,27.4555_79.9783,2,4
2859,27.6467_80.4985,2,4
2861,27.7967_81.2249,1,4
2862,27.7967_81.2249,1,4
2872,27.1258_81.2161,1,4
2874,25.7791_81.2283,0,4
2875,25.7791_81.2283,0,4
2877,27.1291_81.2249,1,4
2881,26.5379_80.9485,1,4
2882,27.1791_81.9397,2,4
2885,26.7055_81.2161,1,4
2888,27.2257_81.8749,1,4
2894,27.0967_79.7749,1,4
2895,27.2791_80.8283,1,4
2896,27.2791_80.8283,1,4
2898,26.7967_81.1783,1,4
2900,26.1380_79.8283,2,4
2901,27.2291_82.2985,1,4
2902,25.7967_80.6249,1,4
2903,25.7967_80.6249,1,4
2914,28.2556_79.8783,1,4
2916,27.8555_81.5249,2,4
2918,27.8758_79.3249,1,4
2921,26.1257_80.9250,1,4
2922,28.0291_79.4283,1,4
2940,27.8758_81.5783,1,4
2941,28.0879_80.6662,0,4
2945,25.8555_80.6783,2,4
2957,26.7967_82.3249,1,4
2960,26.3643_80.3283,0,4
2965,26.3555_79.7073,0,4
2966,27.7292_79.4161,1,4
2967,27.7292_79.4161,1,4
2968,27.7791_81.8783,1,5
2971,26.5879_82.3283,2,4
2972,25.9291_81.2573,2,4
2977,27.0757_82.4249,1,4
2987,26.5291_80.2161,1,4
2989,27.3379_80.1783,1,4
2992,26.7791_81.1783,2,4
2993,27.1757_81.7073,1,4
2995,26.3291_82.0283,0,4
3000,26.1644_80.3397,2,4
3003,26.6143_81.5985,1,4
3009,27.0967_81.9783,2,4
3010,26.7291_79.6985,1,4
3011,26.6379_81.3073,1,4
3015,27.3379_79.1749,0,4
3018,26.1791_81.9485,1,4
3019,26.4055_81.7749,1,4
3020,27.5467_78.8783,1,4
3023,26.2291_80.4283,1,4
3024,26.6791_81.4074,1,4
3025,27.3257_80.7485,1,4
3026,27.1555_81.7283,1,4
3028,28.2143_79.5249,1,4
3031,27.5056_80.9749,1,4
3040,25.4791_81.2249,1,4
3044,26.2379_80.4250,1,4
3055,27.7292_81.1750,2,4
3056,27.2257_81.1283,2,4
3058,27.9291_80.7783,0,4
3059,27.9291_80.7783,1,4
3060,27.9291_80.7783,2,4
3061,26.6291_81.3073,1,4
3063,27.0757_80.5283,1,4
3065,27.7380_79.8249,2,4
3073,26.4291_79.8661,1,4
3077,26.3791_79.2073,1,4
3080,28.0791_79.8573,2,4
3090,26.2758_79.7249,1,4
3094,27.6643_81.3783,1,4
3109,27.4257_81.9573,1,4
3114,27.9467_81.6283,1,4
3118,28.1967_79.6283,0,4
3120,26.7257_79.1249,2,4
3124,27.0555_82.4283,2,4
3128,28.1967_80.0573,0,4
3130,27.8291_79.7661,2,4
3140,28.3143_79.9283,1,4
3142,26.1292_80.4250,0,4
3147,27.3555_81.7749,2,4
3148,27.3555_81.7749,2,4
3151,27.3555_81.7749,1,4
3152,27.3555_81.7749,1,4
3153,27.3555_81.7749,1,4
3157,26.4555_80.9783,1,4
3158,26.1758_80.8397,1,4
3159,26.8967_81.8661,1,4
3161,26.6643_79.2783,2,4
3163,26.6643_79.1249,0,4
3169,26.3291_81.7283,1,4
3174,27.2758_80.7783,1,4
3176,26.4291_79.8573,1,4
3183,26.1257_82.0283,1,4
3186,26.5791_81.6249,1,4
3189,26.2758_79.7485,1,4
3190,26.2758_79.7485,1,4
3193,26.1644_81.1662,2,5
3198,25.5291_81.5783,0,4
3199,25.5291_81.5783,0,4
3200,25.5291_81.5783,0,4
3202,25.5291_81.5783,1,4
3207,26.1380_80.1485,1,4
3210,27.3291_81.7985,1,4
3214,27.7292_80.8573,1,4
3215,27.7292_80.8573,1,4
3216,27.7292_80.8573,1,4
3217,27.7292_80.8573,1,4
3221,25.6758_81.0783,2,4
3223,25.8291_80.8397,1,4
3224,27.7292_79.4250,1,4
3226,25.8467_80.8485,2,4
3230,27.8291_79.7573,2,4
3236,26.2468_81.5073,2,4
3237,26.2468_81.5073,1,4
3263,27.9792_79.9250,1,4
3274,27.5144_79.2249,1,4
3275,27.5144_79.2249,2,4
3285,27.0056_82.3161,1,4
3292,26.3757_79.7283,1,4
3295,26.0757_81.2161,1,4
3312,25.9467_81.5249,1,4
3314,26.4879_80.8661,1,4
3315,26.4879_80.8661,2,4
3332,27.5967_80.6783,1,4
3334,27.8055_80.4749,2,4
3343,27.2758_80.8573,1,4
3345,27.3643_79.5749,1,4
3346,26.7143_79.0749,1,4
3347,27.7791_82.1073,1,4
3356,26.4257_82.0249,1,4
3357,25.8379_81.1249,0,4
3358,27.1791_80.3749,0,4
3362,27.7879_81.2161,1,4
3366,27.5757_79.1073,1,4
3367,26.2468_81.5783,2,4
3374,27.1291_80.7283,2,4
3376,27.5643_81.7249,2,4
3380,27.8758_80.0485,2,4
3384,26.6258_80.9661,2,4
3385,26.0379_81.3249,1,4
3387,25.7379_80.7573,0,4
3388,27.6643_81.3749,1,4
3392,26.7791_81.7749,1,4
3394,26.6791_81.3161,1,4
3424,25.8257_81.5249,1,4
3425,25.8257_81.5249,1,4
3427,26.5291_81.8161,1,4
3428,26.1380_79.8249,2,4
3439,26.3879_81.0661,1,4
3442,27.4291_81.9573,1,4
3448,26.9467_80.8749,1,4
3466,27.2791_79.4783,1,4
3472,27.0791_81.0283,1,4
3479,26.6143_81.6073,1,4
3494,27.0291_81.8749,1,4
3495,27.9792_81.5485,2,4
3496,27.5144_78.9249,1,4
3497,26.9257_81.4250,1,4
3500,27.8143_80.4749,2,4
3506,25.8291_80.5749,2,4
3507,25.8291_80.5749,2,4
3508,25.8291_80.5749,1,4
3515,27.3555_81.7783,2,4
3516,27.3555_81.7783,1,4
3517,27.3555_81.7783,2,4
3521,27.3555_81.7783,1,4
3523,27.3555_81.7783,1,4
3524,27.3555_81.7783,1,4
3528,26.7291_79.0573,1,4
3532,27.1467_82.3573,2,4
3535,27.4291_80.1249,1,4
3537,26.7758_79.0397,1,4
3538,26.7758_79.0397,1,4
3542,27.6055_79.0985,0,4
3543,27.3967_80.2573,1,4
3551,26.7055_81.1662,2,4
3552,26.7055_81.1662,1,6
3554,26.6258_80.6283,1,4
3557,26.2644_82.1897,1,4
3560,27.1791_80.6283,1,4
3561,27.1791_80.6283,1,4
3566,26.9291_79.7485,2,4
3570,27.7644_81.5073,1,4
3571,26.9968_79.6750,1,4
3579,27.0757_80.3573,1,4
3595,27.9257_79.9073,1,4
3597,27.3967_80.9749,1,4
3602,25.7791_81.5283,1,4
3611,27.9143_80.8161,0,4
3613,27.3791_80.1485,1,4
3614,27.5144_80.9897,1,4
3619,26.8055_78.9161,1,6
3623,27.7292_80.8485,1,4
3632,26.4291_80.1397,2,4
3633,26.4291_80.1397,2,4
3634,26.4879_80.7749,1,4
3635,26.4879_80.7749,1,4
3637,25.8467_81.8749,1,4
3641,27.4880_80.0397,2,4
3642,27.8643_79.2749,1,4
3643,27.8643_79.2749,1,4
3644,27.8643_79.2749,1,4
3645,27.8643_79.2749,1,4
3647,26.6258_81.5985,1,4
3652,27.3291_79.1749,2,4
3653,27.3291_79.1749,2,6
3654,27.3291_79.1749,0,4
3658,27.6757_79.5283,1,4
3659,27.6757_79.5283,1,4
3660,27.6757_79.5283,1,4
3661,27.3143_81.1750,1,4
3664,26.3879_81.1249,1,4
3667,26.2055_80.2749,2,4
3668,26.1292_81.0249,1,4
3679,25.8291_80.6783,2,4
3682,26.4791_81.4074,2,4
3697,27.2143_81.0249,0,4
3703,27.9555_81.4661,2,4
3708,26.9791_82.3161,1,4
3709,26.9791_82.3161,0,6
3711,26.7791_79.4749,1,4
3714,27.7879_81.7073,2,4
3721,25.7291_81.0073,0,4
3724,26.7791_81.1073,0,4
3727,27.5144_81.7249,2,4
3729,26.9257_81.8283,1,4
3731,27.0967_79.7783,1,4
3739,26.4467_81.8783,1,4
3740,26.2556_81.5783,2,4
3745,25.8257_80.6249,1,4
3748,25.6055_81.6249,1,6
3750,25.8291_80.5783,2,4
3751,25.8291_80.5783,2,4
3752,25.8291_80.5783,1,4
3757,27.2556_79.0783,1,4
3758,27.2556_79.0783,1,4
3761,26.9379_78.8485,1,4
3774,28.3257_79.7897,1,4
3783,26.7468_79.0783,1,4
3790,25.9258_82.0485,1,4
3794,26.0379_82.1397,1,4
3795,27.1379_80.7249,2,4
3796,27.1379_80.7249,1,4
3799,26.0967_81.2161,0,4
3806,27.8467_80.3783,1,4
3809,27.6055_82.1486,2,4
3812,27.2055_81.0249,0,4
3814,27.7644_79.6573,1,4
3816,27.5056_79.2249,1,4
3817,27.5056_79.2249,2,4
3819,26.9379_79.3283,1,4
3821,26.6791_79.5783,1,4
3822,27.6879_80.0161,2,4
3826,27.2143_81.6662,1,4
3829,26.1791_81.9573,1,4
3830,27.9757_79.8749,1,4
3832,26.5791_81.7249,1,4
3838,27.2758_79.4783,1,4
3839,26.1257_80.1662,1,4
3841,26.6967_80.8485,1,4
3843,27.4792_79.3249,2,4
3844,27.4792_79.3249,1,4
3847,28.1258_79.7749,1,4
3849,26.1292_80.9250,1,4
3850,26.4757_80.5073,0,4
3860,27.5379_79.8249,1,4
3861,27.5379_79.8249,2,4
3862,27.5379_79.8249,1,4
3863,27.5379_79.8249,1,4
3868,27.9379_81.4783,1,4
3871,25.4291_81.2249,2,4
3878,26.6467_81.9661,1,4
3879,26.6467_81.9661,1,4
3883,26.4879_79.5161,0,4
3884,26.6791_80.8249,0,4
3890,25.5757_81.6662,1,4
3892,27.7257_81.1750,2,4
3893,27.7468_81.1783,2,4
3895,28.2055_80.3249,2,4
3903,26.7758_79.4783,1,4
3904,26.3967_81.6283,1,4
3906,26.5467_79.4749,2,4
3909,27.3291_78.9249,1,4
3924,26.6055_81.6073,1,4
3926,26.4757_81.4074,2,4
3932,28.2758_79.5749,0,4
3933,27.9379_81.5749,2,4
3937,26.9555_80.8985,2,4
3939,26.9555_80.8985,1,4
3949,28.2791_79.7897,1,4
3955,26.8967_82.4283,1,4
3959,26.2758_81.0783,1,4
3961,27.2055_81.0283,0,4
3965,25.6380_80.0749,1,4
3967,26.4643_80.5249,2,4
3981,27.0291_79.7485,1,4
3985,27.1791_80.6249,1,4
3986,27.1791_80.6249,1,4
3987,25.4757_81.3783,2,4
3991,26.9467_81.8661,2,4
3995,26.5144_81.6662,1,4
3996,26.2791_79.6485,2,4
4000,26.9467_81.0249,2,4
4001,26.9467_81.0249,1,4
4009,27.1757_82.4161,1,4
4012,26.1292_80.1750,1,4
4013,26.1292_80.1750,1,4
4015,27.5291_79.8249,1,4
4016,27.5291_79.8249,1,4
4017,27.5291_79.8249,2,4
4018,27.5291_79.8249,1,4
4019,27.5291_79.8249,1,4
4025,27.7380_79.8283,2,4
4028,26.1644_80.3485,2,4
4048,25.9379_81.2485,1,4
4062,25.7291_81.0749,0,4
4063,25.7291_81.0749,1,4
4067,26.9291_81.0485,2,4
4068,26.9291_81.0485,2,6
4069,26.9291_81.0485,2,4
4071,27.3967_80.6573,1,4
4073,27.7791_80.6073,2,4
4077,27.4968_80.9749,1,4
4080,26.0757_81.0749,1,4
4088,27.5144_79.2283,1,4
4090,26.1380_80.2283,1,4
4096,28.1467_79.5283,2,4
4098,26.7257_79.0573,1,4
4104,27.1143_81.5661,2,4
4113,27.5291_82.3161,1,4
4116,25.5967_81.6249,1,4
4117,27.1379_82.3573,2,4
4121,25.7967_81.1283,2,4
4126,27.7644_81.5485,2,4
4127,25.8257_80.6750,2,4
4129,27.5056_81.7283,2,4
4131,27.9291_79.9073,1,4
4145,27.0258_79.7485,1,4
4150,27.2143_81.0283,0,4
4151,27.1757_82.4073,1,4
4153,27.1757_82.4073,1,4
4156,25.6380_80.0661,1,4
4157,26.0056_80.8283,1,4
4160,26.7644_79.0573,1,4
4166,27.8291_79.9250,2,4
4174,26.8291_82.3073,2,4
4178,26.4291_80.1485,2,4
4180,26.4291_80.1485,2,4
4184,27.2791_80.8783,1,4
4185,25.9791_81.8485,1,4
4186,26.6967_80.8397,1,4
4188,27.7468_81.1750,2,4
4189,26.4467_79.9283,0,4
4190,27.1143_81.3249,2,4
4191,27.0144_82.1249,0,4
4192,25.7291_81.6161,1,4
4193,25.7291_81.6161,1,4
4194,27.5757_82.0749,2,4
4209,26.8967_82.3985,1,4
4211,26.6555_79.7161,1,4
4214,25.8291_80.6750,2,4
4215,28.0879_79.8573,2,4
4219,27.7257_79.4250,1,4
4220,26.5643_80.3897,2,4
4227,25.4056_81.3161,1,4
4231,26.4555_80.9749,1,4
4232,26.4879_80.6750,1,4
4234,28.2758_79.7985,1,4
4244,26.7257_81.2283,1,4
4245,26.6291_80.6283,1,4
4246,26.6291_80.6283,0,4
4248,26.6291_80.6283,0,4
4254,27.0643_81.3661,1,4
4259,25.8291_80.8485,1,4
4262,27.1379_81.2249,1,4
4264,27.7791_81.8749,2,4
4272,27.6757_80.5783,2,4
4274,27.1879_81.9485,2,4
4276,26.4968_79.5249,0,4
4283,26.5056_82.3073,1,4
4291,26.5967_80.4485,1,4
4294,25.8467_81.1249,0,4
4296,25.8379_81.5249,1,4
4299,26.3879_79.5783,1,4
4300,26.4791_80.7783,1,4
4301,26.4791_80.7783,1,4
4302,26.8879_80.2749,1,4
4303,27.3791_79.5573,1,4
4304,27.3791_79.5573,2,4
4311,26.6467_79.6783,1,4
4313,26.1967_81.1783,1,4
4318,28.0967_79.9749,1,4
4319,25.9757_80.3749,2,4
4321,27.3291_80.7249,1,4
4322,25.6292_80.0749,1,4
4324,28.3291_80.9749,0,4
4325,28.3291_80.9749,1,4
4326,27.9968_81.5073,1,4
4327,27.7380_80.2897,2,4
4336,27.8379_80.2397,1,4
4337,26.1879_81.9661,1,4
4341,27.2257_81.1249,2,4
4346,26.9257_81.0573,2,4
4347,26.9257_81.0573,1,4
4353,26.3257_80.6397,2,4
4358,28.1643_79.9661,2,4
4363,25.8643_81.6249,1,4
4371,26.1758_79.7783,1,4
4372,26.1758_79.7783,1,4
4380,26.6143_80.8283,2,4
4388,26.7556_82.1985,2,4
4394,27.5144_80.9783,1,4
4396,27.9757_79.8783,1,4
4403,27.0258_81.8749,1,4
4405,25.4791_81.2161,1,4
4407,26.7257_82.1985,1,4
4420,25.4791_81.5073,1,4
4426,26.7758_81.2573,1,4
4431,25.5791_81.6662,1,4
4436,27.3143_82.3749,1,4
4439,27.1791_82.4073,1,4
4441,27.1791_82.4073,1,4
4442,28.0791_80.6573,0,4
4445,26.0791_81.8573,1,4
4446,27.8055_80.2783,2,4
4448,25.8555_80.7783,1,4
4449,26.1292_80.1662,1,4
4451,26.1292_80.1662,1,4
4453,27.1258_79.6750,0,4
4454,27.1258_79.6750,1,4
4458,27.0258_79.9073,1,4
4462,26.8791_82.4073,1,4
4463,27.4792_79.9783,1,5
4471,27.6258_81.6662,1,4
4473,26.7644_82.0897,2,4
4477,25.8467_81.1283,0,4
4478,27.1291_81.7073,1,4
4485,26.1758_80.8283,1,4
4487,26.8379_81.1397,2,4
4488,27.9757_79.9250,1,4
4489,26.7758_81.7783,1,4
4490,27.1967_79.5783,1,4
4491,26.7257_79.0661,1,4
4493,27.4880_79.2749,1,4
4494,26.7380_81.3161,2,4
4495,26.7468_82.1750,1,4
4497,25.8757_81.8749,1,4
4504,27.3467_81.7749,2,4
4505,27.3467_81.7749,2,4
4509,26.4791_82.3661,2,4
4511,27.2758_80.7749,1,4
4514,25.8643_81.7661,0,4
4517,26.7055_81.1985,1,4
4524,25.8291_80.6283,1,4
4525,25.8291_80.6283,1,4
4526,26.6258_79.2283,1,5
4527,26.7791_79.4783,1,4
4531,26.3791_79.7249,1,4
4532,26.8967_81.4250,1,4
4534,27.9291_80.8249,2,4
4536,27.4257_79.8573,0,4
4540,27.9467_81.5749,2,4
4546,26.3555_79.6485,1,4
4555,27.6757_80.5749,2,4
4556,26.6555_81.3573,1,4
4558,26.1292_81.4074,1,4
4560,25.9467_81.6750,1,4
4573,26.1292_81.4250,1,4
4575,27.8967_81.1485,2,4
4583,27.2758_81.9283,2,4
4584,27.7556_81.4749,1,4
4586,26.7143_79.0661,1,4
4591,27.5967_79.0985,0,4
4595,26.4055_81.6249,1,4
4600,26.7257_81.6485,1,4
4601,26.3291_82.0249,0,4
4610,26.9968_82.3161,1,4
4615,27.6291_80.0283,1,4
4621,27.3467_79.3661,2,4
4627,25.6055_81.1249,1,4
4628,26.7291_81.4783,1,4
4631,27.6467_79.8161,2,4
4632,28.0791_80.0397,1,4
4637,27.8555_80.3783,1,4
4639,27.3879_79.6161,0,4
4643,27.2967_81.1783,1,4
4644,25.5555_81.3249,1,4
4646,25.7967_81.1249,2,4
4647,26.5056_81.6750,1,4
4658,27.1467_81.7283,1,4
4661,26.7644_82.2073,1,4
4664,27.7468_79.8249,2,4
4669,25.5879_81.7073,1,4
4674,27.7791_80.5985,2,4
4677,26.4291_82.0749,1,4
4680,26.4143_79.5749,1,4
4684,25.9968_80.8283,1,4
4685,27.3143_80.7749,1,4
4686,27.9880_81.5073,1,4
4690,27.2791_79.4749,1,4
4693,25.9757_80.3661,2,4
4704,26.2257_79.7661,0,4
4707,27.7556_81.5161,1,4
4714,26.0467_81.3161,1,4
4719,26.2055_79.8283,0,4
4720,26.2055_79.8283,0,4
4721,26.2055_79.8283,0,4
4722,26.2055_79.8283,1,6
4729,27.6258_80.0249,1,4
4732,26.6879_80.8397,1,4
4736,26.6879_80.8397,0,4
4737,26.6879_80.8397,1,4
4743,26.6555_79.2783,2,4
4744,27.4257_80.1249,0,4
4745,27.4257_80.1249,1,4
4754,26.7257_80.9162,1,4
4755,26.4291_81.7661,1,4
4757,27.3879_79.4250,1,4
4762,26.2143_82.1249,1,4
4764,27.9143_79.5073,2,4
4766,26.6055_81.8783,1,4
4767,26.6467_79.7073,1,4
4768,26.7257_81.2249,1,4
4771,26.6258_80.9749,2,4
4773,27.4291_79.8749,1,4
4782,26.4291_79.6783,1,4
4783,26.4291_79.6783,0,4
4786,27.9880_81.5749,1,4
4792,26.4257_79.8661,1,4
4795,27.9555_79.8985,1,4
4797,26.6055_80.4573,1,4
4800,26.6467_81.9573,1,4
4807,26.8291_82.2985,2,4
4809,26.7468_82.1897,2,4
4811,28.1379_79.5283,2,4
4813,27.0643_81.3573,1,4
4821,26.4257_81.5749,1,4
4828,26.6643_79.2749,2,4
4829,26.0291_80.5161,0,4
4837,25.8757_81.6249,2,4
4839,26.4791_80.5161,1,4
4840,26.3257_81.7249,1,4
4841,26.3257_81.7283,1,4
4842,27.9792_79.5783,0,4
4849,26.2556_82.1897,1,4
4852,25.7758_81.5249,1,4
4860,26.1758_81.7161,1,4
4864,27.7380_81.1750,2,4
4872,26.9257_79.7485,2,4
4877,27.0791_81.3897,1,4
4878,27.4291_81.9661,1,4
4879,26.8967_81.8573,1,4
4882,26.9791_79.3985,1,4
4883,26.2379_80.4283,1,4
4885,26.1468_80.4749,1,4
4888,26.1791_79.7749,1,4
4889,26.1791_79.7749,1,4
4890,26.7291_81.6485,1,4
4891,27.5291_81.1283,2,4
4892,27.9467_79.7749,2,4
4894,26.3257_80.7749,1,4
4899,26.0467_80.5749,1,4
4900,26.7879_78.9749,1,4
4909,27.6791_80.0161,1,4
4910,25.8880_81.8897,2,4
4911,27.5757_82.1783,1,4
4914,26.1879_81.1750,1,4
4915,27.6258_81.0661,1,4
4918,26.5643_80.3985,2,4
4921,26.2758_79.7397,1,4
4927,27.1467_81.6897,1,4
4928,26.7257_79.7073,1,4
4929,25.8055_81.1249,2,4
4944,26.6757_80.8249,0,4
4946,26.6757_80.8249,0,4
4947,26.9968_82.3283,1,4
4952,25.8757_81.8783,1,4
4954,28.3257_80.9749,0,4
4955,28.3257_80.9749,1,4
4960,26.4555_81.8661,1,4
4962,27.3467_80.8661,1,4
4969,25.4791_81.3749,2,4
4970,26.3143_82.0249,1,4
4975,26.5467_80.4162,0,4
4981,28.2791_79.7161,1,4
4989,28.0879_79.8485,2,4
5001,27.3879_79.6073,0,4
5006,25.7257_81.6073,1,4
5008,27.4792_80.1073,2,4
5014,28.1467_79.5249,2,4
5017,27.6791_81.5749,1,4
5018,26.0291_80.5249,0,4
5020,28.2257_79.6073,0,4
5025,26.7257_81.1397,2,4
5028,27.5056_78.9283,1,4
5030,27.0555_81.3661,1,4
5041,26.6379_80.8573,2,4
5044,26.2967_80.2661,1,4
5049,27.3055_79.8161,1,4
5052,27.0555_78.8249,1,4
5053,26.6055_81.0573,1,4
5058,28.0757_79.6249,1,4
5059,28.0757_79.6249,1,4
5077,27.5258_80.1573,1,4
5078,28.1258_81.4162,2,6
5081,26.3055_82.0249,1,4
5092,27.6379_80.4985,2,4
5094,27.9792_79.9161,1,4
5097,26.7291_82.1985,1,4
5100,26.0879_81.0661,1,5
5104,26.0291_81.8283,1,4
5105,27.5967_82.1574,2,4
5111,25.9291_80.4250,1,4
5119,27.5144_78.8783,1,4
5124,28.2055_79.9397,1,4
5130,25.7967_81.4897,2,4
5132,25.8880_80.9250,1,4
5136,26.9291_79.4783,1,4
5138,26.6791_79.1161,1,4
5144,26.6379_79.6750,1,4
5146,25.7879_81.4897,2,4
5149,26.6643_79.6485,1,4
5150,27.9880_81.4661,1,4
5156,27.9379_79.7749,2,4
5158,26.4143_79.5783,1,4
5160,27.7143_81.9250,1,4
5162,26.1380_80.1750,1,4
5175,27.0879_82.0161,0,4
5180,27.7292_80.2985,2,4
5182,26.1380_80.9283,1,4
5183,26.0379_81.9250,1,4
5188,26.8257_80.2283,1,4
5189,26.2055_79.8249,0,4
5190,26.2055_79.8249,0,4
5191,26.2055_79.8249,0,4
5192,26.2055_79.8249,1,6
5200,25.7758_80.6249,1,4
5201,25.7758_80.6249,0,4
5203,27.1791_80.8749,2,4
5210,27.3257_79.1661,1,4
5211,26.2055_80.2783,2,4
5215,26.0791_81.2161,1,4
5216,26.1292_80.2485,1,4
5229,27.0379_79.4573,0,4
5239,25.7055_81.3283,1,4
5241,27.0879_79.7485,2,4
5245,27.5379_81.8161,2,4
5248,26.2291_82.2249,2,4
5250,27.4643_79.9783,2,4
5251,27.6643_81.4397,1,4
5253,26.3555_82.0249,1,4
5255,26.2257_80.2749,2,4
5256,27.0291_79.9073,1,4
5257,26.1791_80.1249,1,4
5266,25.9467_81.8249,1,4
5268,27.2143_81.8986,1,4
5269,27.1791_80.3783,0,4
5270,26.2556_81.5749,2,4
5274,26.1468_80.4783,1,4
5276,27.1291_80.7397,2,4
5278,27.1291_80.7397,1,4
5281,26.4257_81.7661,1,4
5284,27.2644_79.2073,1,4
5285,28.1291_79.7783,1,4
5288,28.0791_80.6662,0,4
5293,28.2055_80.2783,2,4
5294,26.2791_79.6397,2,4
5305,27.7556_80.1249,1,4
5309,27.2758_80.8783,1,4
5312,26.4791_80.5073,0,4
5317,26.3555_82.0161,1,4
5326,27.7468_79.8283,2,4
5327,26.6791_80.7985,2,4
5329,27.4257_79.8661,0,4
5331,28.3467_79.8749,1,4
5341,26.5379_82.2749,2,4
5342,27.0379_79.7283,1,4
5346,26.0757_81.6283,1,4
5354,26.7758_81.2397,1,4
5360,25.8792_81.6249,2,4
5365,26.7257_78.9661,1,4
5366,26.7257_78.9661,1,4
5367,27.5291_80.0161,1,4
5368,26.2291_80.2749,2,4
5372,27.3291_80.0161,1,4
5373,27.3291_80.0161,1,4
5375,27.3291_80.7397,1,4
5376,25.8379_80.5661,2,4
5384,26.9757_82.3161,1,4
5385,26.9757_82.3161,0,6
5387,26.3291_81.2661,1,4
5390,26.8967_82.3661,2,4
5396,27.8879_79.9397,2,4
5407,26.7556_82.0897,2,4
5408,26.1292_81.9985,1,4
5409,27.6291_81.9250,1,4
5410,27.4880_81.0283,1,4
5418,27.5379_81.8249,2,4
5419,25.5643_81.5249,1,4
5427,28.1879_80.0485,0,4
5434,27.6791_81.7783,2,4
5437,26.8291_80.0749,1,4
5440,28.2791_79.8283,2,4
5443,27.8143_80.2783,2,4
5448,26.9055_82.4283,1,4
5452,27.7556_81.4783,1,4
5460,26.9791_81.3749,1,4
5467,26.1758_79.9749,1,4
5471,27.6291_78.9161,1,5
5473,28.2791_79.5749,0,4
5474,27.0757_80.5249,1,4
5475,27.3257_79.1749,2,4
5476,27.3257_79.1749,2,6
5480,26.6757_81.4074,1,4
5487,26.4555_79.9283,0,4
5491,27.7468_81.4749,2,4
5492,27.7468_81.4749,1,4
5496,25.5258_81.2573,1,4
5497,26.4257_82.1574,1,4
5498,28.1291_79.5985,1,4
5500,26.4467_81.5783,1,4
5501,25.4791_81.3783,2,4
5508,27.6757_80.4783,2,4
5509,27.6757_80.4783,2,4
5510,26.1879_81.1783,1,4
5516,26.4879_79.5249,0,4
5518,27.1291_80.7249,2,4
5519,27.1291_80.7249,1,4
5521,25.8291_81.5283,1,4
5522,25.8291_81.5283,1,4
5523,26.9880_81.1283,1,4
5524,26.9880_81.1283,2,5
5526,27.9291_80.7283,2,6
5527,27.2758_81.1985,1,4
5528,27.2758_81.1985,2,4
5529,27.2758_81.1985,2,4
5535,27.4968_79.8283,1,4
5540,26.6757_79.5783,1,4
5548,26.4055_81.8249,1,4
5549,26.3757_80.6073,0,4
5552,27.5967_79.1073,0,4
5567,27.9792_79.8749,1,4
5571,26.2556_79.7749,1,5
5572,26.2556_79.7749,1,4
5578,25.9258_81.2485,1,4
5579,25.9258_81.2485,2,4
5580,26.4467_81.2985,2,4
5583,26.6555_79.1283,0,4
5585,26.5555_79.4749,2,4
5590,27.1291_81.7161,1,4
5594,25.6055_81.6574,1,4
5601,26.3291_80.9749,1,4
5604,26.8879_81.9074,0,4
5608,26.4757_82.3783,2,4
5609,27.3879_79.5661,1,4
5610,27.3879_79.5661,2,4
5615,27.2758_81.1897,2,4
5616,27.2758_81.1897,1,4
5622,27.9257_80.7749,0,4
5623,27.9257_80.7749,1,4
5624,27.9257_80.7749,1,4
5625,27.9257_80.7749,2,4
5635,25.5757_81.6574,1,4
5636,27.7143_78.9661,2,4
5637,27.7143_78.9661,1,5
5638,28.1291_79.3485,0,4
5646,27.7055_80.0283,2,4
5658,25.5291_81.2573,1,4
5661,26.6379_81.9573,1,4
5662,27.1379_80.7161,1,4
5669,26.7758_81.1662,1,4
5671,27.8758_80.0397,2,4
5672,27.0967_79.7573,2,4
5683,26.3257_80.2783,0,4
5684,26.3257_80.2783,0,4
5687,26.3879_81.0573,1,4
5694,26.4968_80.8661,1,4
5695,26.4968_80.8661,2,4
5697,26.3055_80.1750,1,4
5712,26.1292_82.0283,1,4
5713,28.2758_79.7249,1,4
5714,28.2758_79.7249,1,4
5717,27.8791_79.3283,1,4
5719,26.5643_81.6249,1,4
5720,27.1791_81.9485,2,4
5729,25.9757_81.2161,1,4
5738,27.3291_78.9283,1,4
5742,27.8257_79.5985,1,4
5746,27.1757_81.7161,1,4
5748,26.5291_79.8783,1,5
5749,27.4257_80.9749,2,4
5750,28.2556_79.8749,1,4
5751,26.3967_79.5749,1,4
5756,25.3968_81.3161,1,4
5757,26.6757_80.8161,1,4
5765,26.6467_81.3749,1,4
5766,27.3758_80.3749,1,4
5773,26.6291_80.9661,2,4
5774,26.6291_80.9661,1,4
5775,26.4257_79.6783,1,4
5778,25.8143_81.5485,1,4
5787,26.9055_82.4073,1,4
5788,26.9055_82.4073,1,4
5791,26.3791_80.6073,0,4
5798,26.4879_80.7783,1,4
5799,26.4879_80.7783,1,4
5811,27.1258_79.6661,0,4
5816,27.6258_80.2985,2,4
5820,26.2556_79.7783,1,5
5824,26.8791_81.1783,2,4
5834,27.8291_81.7573,1,4
5835,25.8555_80.7661,2,4
5836,25.8555_80.7661,1,4
5840,27.2291_82.3161,1,4
5848,26.0379_82.1486,1,4
5849,26.3555_79.7161,0,4
5862,27.3257_79.1573,1,4
5866,27.5467_81.8249,2,4
5872,26.7291_81.2485,1,4
5874,26.1292_82.0073,1,4
5875,27.4055_80.2573,1,4
5876,26.0791_81.8661,1,4
5878,27.5258_79.4283,0,4
5885,25.3968_81.2397,1,4
5888,26.7791_79.0485,1,4
5889,26.7791_79.0485,1,4
5894,26.0056_80.8249,1,4
5895,28.0967_79.9661,1,4
5899,26.0791_81.7985,1,4
5901,27.0144_82.1161,0,4
5903,27.6258_81.9250,1,4
5904,26.9791_81.0485,2,4
5905,26.9791_81.0485,2,4
5906,26.0056_81.9283,1,4
5912,26.9291_81.0661,1,4
5915,27.5555_78.9249,2,4
5920,27.5258_81.6662,2,4
5922,27.5258_81.6662,2,4
5927,27.5791_79.1073,1,4
5937,27.3055_80.6750,1,4
5938,27.3643_80.1750,1,4
5939,25.6791_81.0749,2,4
5940,26.6291_81.5985,1,4
5946,28.0879_80.4897,0,4
5953,26.1257_80.4283,0,4
5954,27.8758_79.3283,1,4
5961,26.9143_80.2485,0,4
5966,27.3143_81.1783,1,4
5973,27.6055_80.4749,2,4
5975,28.0291_79.8783,1,4
5982,25.5258_81.5397,1,4
5983,27.0258_81.8783,1,4
5985,26.8055_82.3283,1,4
5987,27.5791_79.0249,1,4
5989,26.1758_81.5749,1,4
5990,26.1292_80.4283,0,4
5992,27.0791_80.3573,1,4
5993,26.9757_78.7783,1,4
6000,27.3791_80.3783,1,4
6013,27.4880_81.0249,1,4
6016,26.3967_81.1249,1,4
6018,27.6967_80.0249,2,4
6021,26.6467_79.7161,1,4
6026,27.6757_80.0249,1,4
6029,25.7257_81.0749,0,4
6030,25.7257_81.0749,1,4
6033,27.0379_80.9283,1,4
6038,26.4379_80.1397,2,4
6039,26.4379_80.1397,2,4
6047,26.7967_81.1750,1,4
6053,26.1758_80.1283,1,4
6054,27.6291_82.1662,1,4
6057,25.8467_80.7661,2,4
6058,25.8467_80.7661,1,4
6070,25.6791_81.0783,2,4
6073,27.0467_79.4573,0,4
6081,25.5291_81.5485,1,4
6082,25.7291_80.7485,0,4
6085,26.7556_82.1897,2,4
6093,27.7967_81.2161,1,4
6097,27.4055_80.6573,1,4
6098,26.1758_80.8249,1,4
6099,25.7758_81.5283,1,4
6114,27.4880_79.3249,1,4
6116,26.1257_82.0249,1,4
6117,27.6379_81.6662,1,5
6129,27.7143_80.0283,2,4
6132,27.5258_79.4250,0,4
6134,25.7758_81.2249,0,4
6135,25.7758_81.2249,0,4
6139,28.1967_80.3249,2,4
6141,27.1055_79.2749,2,4
6144,26.8791_81.8783,1,4
6150,26.3757_79.7249,1,4
6151,26.6467_81.3485,1,4
6156,25.7879_80.6249,1,4
6157,27.0291_80.9162,1,5
6171,26.7291_79.1249,2,4
6176,26.2556_80.6750,1,4
6177,27.4880_79.9749,1,5
6191,27.8791_80.8073,2,4
6192,27.8791_80.8073,1,4
6194,26.7257_81.9985,2,4
6196,25.8467_80.7749,1,4
6201,26.3791_79.2161,1,4
6203,25.8555_81.6161,1,4
6205,26.1879_80.3897,0,4
6212,25.9291_80.4162,1,4
6223,25.4879_81.2249,1,4
6224,28.2644_79.8749,1,4
6226,26.6143_81.8485,1,4
6227,25.7055_79.7249,1,4
6230,28.3467_79.8783,1,4
6231,28.3467_79.8783,1,4
6234,26.5258_80.2249,1,4
6241,26.6055_81.0661,1,4
6247,27.3758_80.1485,1,4
6250,26.8758_82.4249,1,4
6253,25.7055_81.3249,1,4
6254,26.4291_81.8573,1,4
6256,26.4291_81.8573,1,4
6257,26.4291_81.8573,1,4
6261,26.6757_80.8073,2,4
6263,28.2791_79.4985,0,4
6267,27.9467_81.4783,1,4
6279,27.0555_82.3897,0,4
6285,25.7055_81.0249,0,4
6290,27.6757_79.4250,1,4
6296,26.8055_81.7485,0,4
6302,25.7879_81.4985,2,4
6303,26.1758_79.7749,1,4
6304,26.1758_79.7749,1,4
6307,27.5879_79.0283,1,4
6317,26.1879_82.1283,1,4
6321,25.8555_81.7661,0,4
6324,26.5467_80.4283,0,4
6329,27.5056_79.8283,1,4
6330,27.6055_80.1249,2,4
6331,25.9791_80.9749,0,4
6333,26.8967_81.4283,1,4
6340,27.9143_80.8283,1,4
6341,27.9143_80.8283,2,4
6346,27.2791_81.1985,1,4
6347,27.2791_81.1985,2,4
6348,27.2791_81.1985,2,4
6355,25.7143_81.0283,0,4
6364,27.2291_81.8749,1,4
6366,27.9467_81.5661,2,4
6367,26.1967_82.1161,2,4
6373,27.1291_79.7249,1,4
6374,27.1291_79.7249,1,4
6377,27.8257_79.7485,0,4
6380,26.9791_79.2749,1,4
6381,26.9791_79.2749,1,4
6390,25.9791_81.8573,1,4
6409,26.0791_81.8283,1,4
6410,26.0791_81.8283,1,4
6412,26.9291_78.8573,1,4
6416,26.2291_82.2161,2,4
6430,26.3291_80.2783,0,4
6431,26.3291_80.2783,0,4
6432,26.3291_80.2783,2,4
6433,26.3291_80.2783,1,4
6439,27.8643_79.2661,1,4
6440,27.8643_79.2661,1,4
6449,26.8291_81.4397,1,4
6450,27.9379_80.5283,1,4
6456,26.6555_81.3749,1,4
6457,26.6555_81.3749,2,4
6461,26.8758_81.1750,2,4
6469,26.7257_79.1283,2,4
6471,26.6258_79.2249,1,5
6472,26.9968_81.1283,2,5
6473,27.0879_82.0283,2,4
6475,27.3555_79.6161,1,4
6481,26.0757_81.7985,1,4
6482,26.0258_80.5249,0,4
6483,27.5379_81.1249,2,4
6490,26.4291_81.9250,1,4
6494,25.7791_80.6283,1,4
6495,25.7791_80.6283,0,4
6496,27.7879_82.1073,1,4
6497,27.7879_82.1073,1,4
6498,27.1291_79.6661,0,4
6500,26.3379_80.2749,2,4
6501,26.3379_80.2749,1,4
6509,27.5879_81.6249,1,4
6512,28.2257_79.6161,2,4
6515,26.1257_81.9985,1,4
6517,26.7291_80.9573,0,4
6518,27.1379_81.2283,1,4
6523,26.7758_81.2485,1,4
6524,26.7758_81.2485,1,4
6531,25.7758_81.9283,1,4
6532,26.6143_81.8749,1,4
6544,28.0791_79.6283,1,4
6546,26.2468_81.5161,2,4
6548,26.2468_81.5161,1,4
6550,28.0879_80.4985,0,4
6555,26.8055_81.1750,1,4
6557,26.8055_81.1750,2,4
6561,27.0555_78.8283,1,4
6564,27.6879_80.0249,2,4
6580,26.1380_80.9397,1,4
6594,27.1055_79.7783,1,4
6596,26.6791_79.5749,1,4
6603,26.2556_81.5161,2,4
6605,26.2556_81.5161,1,4
6606,26.4757_82.3661,2,4
6609,26.4055_79.5783,1,4
6613,25.9379_81.2397,1,4
6620,26.8291_81.4485,1,4
6627,25.4757_81.3749,2,4
6630,27.3791_79.6161,0,4
6633,26.8467_81.4397,1,4
6634,27.5291_80.1662,1,4
6639,25.9968_81.9162,1,4
6646,26.1967_79.8249,1,4
6649,26.1967_79.8249,0,4
6650,26.1967_79.8249,0,4
6651,26.1967_79.8249,0,4
6652,26.1967_79.8249,0,4
6653,25.4056_81.2397,1,4
6655,26.9791_81.3783,1,4
6657,26.8555_79.0985,1,4
6663,27.6757_79.4283,1,4
6664,27.2791_80.8573,1,4
6666,27.3791_79.4283,2,4
6667,27.2556_79.2073,1,4
6668,26.1556_80.3397,2,4
6669,26.1791_79.9749,1,4
6670,27.0791_79.1573,0,4
6677,28.0791_80.4985,0,4
6680,26.9291_79.4749,1,4
6687,26.5467_80.4250,0,4
6688,26.5467_80.4250,0,4
6700,26.1292_81.4162,1,4
6701,26.1967_80.3985,0,4
6704,27.2291_82.3249,1,4
6705,26.1468_79.8283,2,4
6709,27.5291_79.8283,1,4
6710,27.5291_79.8283,1,4
6711,27.5291_79.8283,2,4
6712,27.5291_79.8283,1,4
6713,27.7143_80.0249,2,4
6717,26.6379_81.2985,1,4
6722,27.3291_79.3249,0,4
6739,26.1967_80.3897,0,4
6740,26.8055_78.9397,2,4
6741,26.8055_78.9397,1,4
6742,26.3967_81.1283,1,4
6743,27.9792_79.5749,0,4
6762,27.9055_79.5161,2,4
6766,26.8467_81.1397,2,4
6772,26.6757_80.7985,2,4
6783,26.0967_81.2249,0,4
6787,27.8055_80.4783,2,4
6792,27.0379_81.0249,1,4
6793,27.1291_81.2283,1,4
6795,27.5379_81.1283,2,4
6800,27.6555_81.4397,1,4
6807,27.9880_81.5783,1,4
6809,27.2291_80.5485,2,4
6810,27.2291_80.5485,2,4
6818,25.5291_81.5749,0,4
6819,25.5291_81.5749,1,4
6820,25.5291_81.5749,0,4
6821,25.5291_81.5749,0,4
6822,25.5291_81.5749,1,4
6835,27.7143_81.9162,1,4
6840,28.1291_79.3573,0,4
6855,26.1556_80.1397,1,4
6860,26.0967_80.4250,0,4
6861,26.5643_80.2249,0,4
6863,26.8257_82.2985,2,4
6878,27.3143_80.6750,1,4
6880,27.9055_79.5073,2,4
6884,26.0467_81.9283,1,4
6887,25.7291_81.0661,0,4
6888,27.2257_82.3249,1,4
6890,28.3291_80.9485,0,4
6897,27.0791_82.4283,1,4
6904,27.1555_81.6897,1,4
6906,26.0791_81.0749,1,4
6907,26.0791_81.0749,1,4
6910,25.9144_81.7749,1,4
6915,27.3467_79.3573,2,4
6921,27.2791_80.7783,1,4
6925,25.8379_81.8485,1,4
6937,27.2791_80.7749,1,4
6944,27.6467_82.1397,2,4
6945,26.4291_81.5783,1,4
6948,27.4643_78.8783,1,4
6957,26.5967_81.0661,1,4
6962,27.1467_82.3485,1,4
6969,27.4792_81.0283,1,4
6970,26.9379_79.3249,1,4
6972,25.7967_80.6283,1,4
6973,25.7967_80.6283,2,4
6974,25.7967_80.6283,1,4
6980,26.9880_81.3749,1,4
6984,27.9291_80.7161,2,6
6986,27.2055_81.8986,1,4
6991,26.3143_80.1750,1,4
6992,26.9055_82.3661,2,4
6994,27.9467_80.5249,1,4
6996,27.6055_80.1283,2,4
6998,27.5791_79.0283,1,4
7004,27.6643_81.4485,1,4
7007,26.0879_81.0749,1,4
7008,26.7291_81.2249,1,4
7014,26.5291_80.2249,1,4
7016,28.2879_79.4985,0,4
7024,27.0258_80.5073,1,4
7034,26.6467_79.6750,1,4
7038,26.6555_81.3783,1,4
7039,26.6555_81.3783,2,4
7049,26.8379_81.4485,1,4
7051,26.5258_81.8161,1,4
7054,25.7257_80.9897,0,4
7059,27.5291_81.6662,2,4
7066,26.8879_82.4161,1,4
7068,27.5791_82.1750,1,4
7073,26.1967_82.1283,1,4
7074,26.1967_82.1283,1,4
7079,27.3555_80.1783,1,4
7085,26.7291_81.9897,2,4
7086,26.7143_81.2161,1,4
7093,26.7055_81.2073,1,4
7094,26.7055_81.2073,1,4
7097,27.6791_80.5783,2,4
7107,27.3257_80.7249,1,4
7110,25.4467_81.2985,1,4
7117,28.2055_80.2749,2,4
7123,27.8467_80.2397,1,4
7124,28.2055_79.5161,1,5
7125,28.2055_79.5161,1,4
7127,26.4257_81.8485,1,4
7128,27.5379_79.8283,1,4
7129,27.5379_79.8283,2,4
7130,27.5379_79.8283,1,4
7132,26.0791_81.0783,1,4
7133,27.8758_80.8161,1,4
7134,27.5379_79.7249,1,4
7140,27.0379_81.0283,1,4
7145,26.9791_81.1249,1,4
7147,26.7791_81.2397,1,4
7150,26.6467_81.3573,1,4
7155,27.7257_80.8749,2,4
7156,25.8143_81.5397,1,4
7162,26.4555_81.2985,2,4
7172,25.8792_80.9250,2,4
7173,25.8792_80.9250,1,4
7179,26.3055_80.4897,0,4
7182,26.3055_80.1783,1,4
7183,25.5791_81.6783,1,6
7184,26.7257_81.9897,2,4
7185,27.0967_81.9749,2,4
7206,26.8791_81.1283,2,4
7207,27.4555_78.8783,1,4
7216,26.9643_80.8749,1,4
7221,27.6555_81.3783,1,4
7225,27.1291_81.2073,1,4
7227,28.0791_80.4897,0,4
7232,27.0791_80.5249,1,4
7235,26.3257_80.6485,2,4
7236,26.3257_80.6485,1,4
7242,28.2143_80.2749,2,4
7246,27.7644_81.5161,1,4
7257,25.8792_81.8897,2,4
7263,28.3055_79.6485,2,4
7264,26.9968_79.2661,1,4
7270,27.3257_80.9783,1,4
7274,28.2967_79.6485,2,4
7275,26.8291_80.2249,1,4
7278,27.6291_81.6662,1,4
7279,26.0467_81.9250,1,4
7282,25.9056_81.7749,1,4
7284,27.9880_81.4985,1,4
7285,26.3555_79.6397,1,4
7292,25.7879_80.6283,1,4
7293,25.7879_80.6283,2,4
7295,27.0467_79.7283,1,4
7299,26.4555_81.8783,1,4
7302,27.0757_81.3985,1,4
7304,26.6467_80.8485,2,4
7306,25.6644_81.7783,2,4
7309,26.6143_80.8249,2,4
7313,26.5879_79.2749,0,4
7314,26.5879_79.2749,0,4
7315,26.5879_79.2749,0,4
7317,27.0056_82.1161,0,4
7318,25.5967_81.1283,1,4
7319,25.5291_81.5397,1,4
7323,27.4643_78.8749,1,4
7326,27.7967_81.7073,2,4
7334,26.8143_78.9397,1,4
7338,26.9055_82.3749,2,4
7339,27.6757_79.4783,1,4
7341,26.5757_81.6249,1,4
7343,27.1291_80.7161,1,4
7344,27.7292_81.1783,2,4
7346,28.2758_79.7161,1,4
7347,25.6644_81.7749,2,4
7356,25.9258_80.6249,1,4
7358,28.2292_79.6249,0,4
7359,26.5791_79.4485,1,4
7360,26.5791_79.4485,1,4
7362,25.9291_80.6249,1,4
7377,27.6291_81.0661,1,4
7380,26.8643_79.1073,1,4
7387,27.9467_80.5283,1,4
7399,25.6257_81.3783,1,4
7402,27.4291_79.8783,1,4
7403,27.4792_82.0073,2,4
7417,27.0643_82.3897,0,4
7435,27.2055_81.6574,1,4
7437,26.9791_82.3249,0,4
7438,26.9791_82.3249,1,4
7439,26.9791_82.3249,1,4
7451,26.5056_81.0283,1,4
7454,27.2143_81.6574,1,4
7462,27.3055_82.3749,1,4
7463,26.3379_80.7783,1,4
7468,25.8055_80.6249,1,4
7469,25.8055_80.6249,0,4
7472,27.0967_78.8283,1,4
7480,27.2758_79.4749,1,4
7484,26.3291_79.9485,2,4
7485,26.3291_79.9485,1,4
7487,26.3291_79.9485,0,4
7496,25.9258_80.4250,1,4
7504,26.4257_79.8573,1,4
7513,28.2257_79.6249,0,4
7515,27.8055_80.4283,2,4
7516,27.8055_80.4283,2,4
7522,27.5757_82.1750,1,4
7524,27.2758_82.1249,1,4
7527,26.5555_79.4783,2,4
7529,26.7291_80.9485,0,4
7531,27.4757_82.0161,2,4
7535,26.1758_81.7073,1,4
7539,25.9291_80.6283,1,4
7547,27.4555_79.9749,2,4
7553,27.0791_80.2283,2,4
7555,28.1879_80.0573,0,4
7556,26.7257_80.9573,0,4
7560,26.6757_81.4162,1,4
7561,26.0757_81.8249,1,4
7562,26.0757_81.8249,1,4
7565,25.7291_81.8249,2,4
7566,25.7291_81.8249,1,4
7568,26.1380_80.7749,1,4
7573,25.8555_80.6573,2,4
7580,26.1292_80.7783,1,4
7582,27.7055_81.9162,1,4
7584,26.7291_79.7073,1,4
7585,26.3643_82.0161,1,4
7591,26.6879_80.8485,1,4
7603,28.3257_80.9783,0,4
7608,27.0791_81.0249,1,4
7609,27.7879_81.8661,2,5
7610,27.7879_81.8661,1,4
7619,27.8791_79.2749,2,4
7621,26.7758_79.4749,1,4
7622,26.6379_79.2249,0,4
7624,27.5258_80.1662,1,4
7629,27.3291_80.7485,1,4
7632,25.7257_81.8249,2,4
7633,26.5379_79.8749,1,4
7634,27.7055_78.9783,1,4
7635,27.7055_78.9783,1,4
7641,26.7055_79.0661,1,4
7646,27.6879_81.7783,2,4
7647,27.2055_79.5749,1,4
7651,26.2791_79.8749,2,4
7652,25.9291_81.2485,2,4
7654,27.0291_80.9250,1,5
7655,27.0291_80.9250,1,4
7656,27.0291_80.9250,1,4
7659,27.5144_78.9283,1,4
7662,26.8791_81.1750,2,4
7671,27.7879_82.1161,1,4
7677,25.9555_81.5249,1,4
7686,26.9143_80.2397,0,4
7687,28.1555_79.9661,2,4
7697,27.3257_81.7985,1,4
7700,26.2291_81.3161,1,4
7707,27.1258_81.2073,1,4
7710,26.7380_81.5749,1,4
7711,27.0757_80.2249,2,4
7716,26.6258_81.4250,1,4
7733,27.1757_80.6249,1,4
7734,27.1757_80.6249,1,4
7741,27.5379_79.7283,1,4
7749,26.4055_82.2073,2,4
7761,27.3555_79.5783,1,4
7762,27.3555_79.5783,1,4
7765,27.5291_79.4397,0,4
7767,27.2291_81.1249,2,4
7774,26.6055_81.8749,1,4
7786,27.6291_81.9283,1,4
7791,27.5643_81.7161,2,4
7794,26.9791_78.7749,1,4
7798,26.3257_80.2749,0,4
7799,26.3257_80.2749,0,4
7801,25.5379_81.5783,1,4
7802,26.3257_80.9749,1,4
7805,27.3291_79.1573,1,4
7809,25.7291_81.8161,2,4
7810,25.7291_81.8161,1,4
7813,26.8758_81.8783,1,4
7815,26.5555_80.2283,0,4
7818,27.4257_79.7749,1,4
7829,26.0879_81.1397,1,4
7843,27.6291_80.2985,2,4
7850,27.0643_78.8249,1,4
7854,25.9555_81.5283,1,4
7856,28.1258_79.3573,0,4
7860,26.0967_81.1485,1,4
7862,26.5555_80.3985,2,4
7863,26.5555_80.3985,2,4
7871,27.2055_81.6662,1,4
7872,27.2055_81.6662,1,4
7875,26.4291_82.1574,1,4
7877,27.2055_81.9074,2,4
7878,27.2055_81.9074,1,4
7883,26.1791_80.1283,1,4
7885,26.2143_79.7985,0,4
7888,26.5967_82.3283,2,4
7892,26.7758_81.2661,1,4
7893,26.7758_81.2661,2,4
7897,27.2257_80.5485,2,4
7903,26.4791_82.3783,2,4
7905,27.1757_80.3749,0,4
7907,27.3379_79.3283,0,4
7908,27.3379_79.3283,1,4
7909,26.6467_79.3783,1,4
7911,25.7879_80.9162,1,4
7920,26.0291_80.7397,1,4
7921,25.5967_81.6985,1,4
7924,27.0791_80.5283,1,4
7933,26.7291_79.1283,2,4
7935,26.9291_81.0573,2,4
7936,26.9291_81.0573,1,4
7937,26.9291_81.0573,2,4
7945,27.9467_81.4749,1,4
7952,27.0791_80.2249,2,4
7958,26.9880_82.3283,1,6
7959,26.9880_82.3283,1,4
7965,27.0291_79.7397,1,4
7979,26.9757_81.8783,2,4
7982,27.5967_80.6750,1,4
7983,27.6379_78.9161,1,5
7986,26.8758_81.1249,2,4
7987,26.8758_81.1249,2,4
7992,26.9968_79.6661,1,4
7995,25.9467_80.4573,1,4
7996,27.5056_81.7249,2,4
7997,26.0555_80.5749,1,4
7999,27.5467_81.8161,2,4
8001,27.3791_80.3749,1,4
8002,25.8555_80.6662,0,4
8016,27.9291_80.8161,2,4
8020,26.9880_79.2749,1,4
8033,27.1757_80.3783,0,4
8039,27.6143_79.6750,1,4
8041,26.9291_79.3283,1,4
8043,26.4257_81.9250,1,4
8044,27.2556_79.0749,1,4
8045,27.2556_79.0749,1,4
8058,27.4792_79.9749,1,5
8059,26.3055_80.2749,1,4
8060,26.5144_82.3073,1,4
8064,26.6258_80.2161,1,4
8065,26.6258_80.2161,1,4
8066,25.5967_81.1249,1,4
8067,25.7791_81.2249,0,4
8068,25.7791_81.2249,0,4
8075,25.8291_80.5661,2,4
8076,26.4643_80.9749,1,4
8083,26.5967_80.4573,1,4
8091,27.4291_79.7783,1,4
8100,26.2967_80.2749,1,4
8102,27.1258_80.7397,2,4
8104,27.1258_80.7397,1,4
8119,27.9257_79.9161,1,4
8120,27.9257_79.9161,1,4
8131,26.6467_80.8573,2,4
8132,27.8143_80.2749,2,4
8134,27.5144_78.8749,1,4
8136,26.1292_80.2249,2,4
8137,26.1292_80.2249,1,4
8138,26.7791_81.2783,1,4
8139,26.7791_81.2783,1,4
8140,26.7791_81.2783,1,4
8147,26.4555_81.8749,1,4
8154,25.9379_80.4897,1,4
8168,27.3257_78.9249,1,4
8169,27.8791_81.7249,1,4
8170,25.7143_79.7283,1,4
8171,26.3467_79.6397,1,4
8183,27.7292_80.8661,2,4
8185,27.7292_80.8661,1,4
8187,27.7292_80.8661,1,4
8188,27.7292_80.8661,1,4
8195,25.7967_81.5573,1,4
8196,26.7758_81.4250,2,4
8198,25.4791_81.4985,1,4
8199,26.0467_81.3249,1,4
8202,27.4379_79.8749,1,4
8206,27.2291_81.8783,1,6
8210,28.3291_80.9783,0,4
8212,27.6055_79.6750,1,4
8215,27.1791_80.8783,2,4
8218,26.7291_81.1397,2,4
8220,26.0879_81.2249,0,4
8235,26.0879_81.1485,1,4
8241,27.6143_79.5897,1,4
8244,27.0258_79.8985,1,4
8256,27.8379_81.7783,1,4
8260,28.2055_79.6283,0,4
8261,27.8879_79.9485,2,4
8266,27.6757_80.4283,1,4
8273,25.9467_80.4897,1,4
8276,26.9757_81.8749,2,4
8277,26.4143_82.2161,2,4
8280,27.9757_81.4661,2,4
8281,26.8379_81.4397,1,4
8282,27.9792_81.4485,1,4
8285,26.8758_81.8749,1,4
8302,27.0258_80.9162,1,5
8303,25.8291_81.8485,1,4
8307,27.3967_80.6485,1,4
8309,27.0967_79.2661,2,4
8313,27.9467_81.4661,2,4
8321,26.5258_80.2161,1,4
8327,27.6379_78.9249,1,4
8329,28.1258_79.6073,1,4
8330,26.5757_80.9985,1,4
8331,26.8791_81.8749,1,4
8332,27.3379_79.5073,1,4
8341,27.7556_79.6573,1,4
8343,27.0791_82.0283,2,4
8348,26.8758_81.1283,2,4
8350,25.7879_81.5661,1,4
8351,25.7879_81.5661,1,4
8353,27.8758_81.7249,1,4
8354,28.2380_79.4573,0,4
8357,25.8379_81.8397,1,4
8370,26.1257_80.1750,1,4
8373,28.0258_79.4283,1,4
8378,27.3379_80.1750,1,4
8388,26.6258_81.4283,1,4
8392,27.9257_80.7161,2,6
8411,27.1055_81.5573,2,4
8412,26.2291_80.2783,2,4
8414,27.8643_81.5161,2,4
8415,27.8643_81.5161,1,4
8416,27.3055_80.6662,1,4
8426,27.6555_82.1486,2,4
8429,25.9258_80.6283,1,4
8434,27.5879_81.6283,1,4
8438,27.9379_81.6249,1,4
8439,27.0379_79.7249,1,4
8441,26.0291_81.8249,1,4
8446,26.5791_80.9985,1,4
8450,26.0056_81.9162,1,4
8469,28.1291_79.6073,1,4
8470,27.7380_80.8485,1,4
8473,26.3257_79.9573,1,4
8475,26.3257_79.9573,1,4
8478,27.6467_79.8073,2,4
8480,26.8791_82.4161,1,4
8494,26.8791_80.2783,1,4
8498,26.7791_81.7783,1,4
8499,26.7791_81.7783,1,4
8502,26.9880_81.3783,1,4
8503,28.2292_79.4485,0,4
8511,26.3055_80.2661,1,4
8512,27.6879_81.7749,2,4
8514,27.8791_80.6249,2,4
8523,26.9291_81.4283,1,4
8525,26.4791_80.7749,1,4
8526,26.4791_80.7749,1,4
8527,27.7055_78.9749,1,4
8528,27.7055_78.9749,1,4
8530,27.7055_78.9749,1,5
8531,27.7055_78.9749,2,4
8532,27.7055_78.9749,1,4
8533,27.9757_81.4573,2,4
8534,27.9757_81.4573,2,4
8535,27.9757_81.4573,2,4
8540,26.4555_81.5749,1,4
8541,27.3379_79.3249,0,4
8542,27.3379_79.3249,1,4
8544,28.0258_79.9749,1,4
8554,25.9879_80.9749,0,4
8555,26.5291_81.8073,1,4
8559,27.0258_80.4985,1,4
8567,26.5555_80.4162,0,4
8572,26.2758_79.7749,2,4
8578,26.7468_79.0397,1,4
8581,26.9643_80.8661,2,4
8582,27.6879_81.5397,2,4
8586,26.6258_80.2073,1,4
8592,27.3555_80.1750,1,4
8595,28.1258_81.4283,1,4
8600,26.6143_81.1750,1,4
8601,26.7791_81.2573,1,4
8602,26.7791_81.2573,1,4
8605,25.8467_80.6897,2,4
8617,26.8055_78.9283,2,4
8619,27.9757_79.5783,0,4
8620,27.4291_80.9783,2,4
8624,27.5467_79.8249,2,4
8628,28.2380_79.4485,0,4
8638,26.7791_79.0397,1,4
8639,26.7791_79.0397,1,4
8640,26.4291_82.0249,1,4
8649,27.4055_78.9749,1,4
8657,27.4291_79.8661,0,4
8665,26.6291_79.2161,0,4
8681,28.3291_79.7897,1,4
8682,27.8643_81.5249,2,4
8684,26.1879_82.1249,1,4
8686,27.3055_82.3783,1,4
8689,26.5555_82.0249,1,4
8693,25.8379_80.8397,1,4
8694,27.6967_78.9749,1,4
8696,28.1055_79.9661,1,4
8697,27.7468_80.1249,1,4
8698,26.1758_80.1249,1,4
8700,27.1467_81.7249,1,4
8702,25.7143_79.7249,1,4
8704,27.8758_79.2783,2,4
8706,27.6143_80.4749,2,4
8710,27.8758_79.2749,2,4
8713,27.4792_81.0249,1,4
8732,26.6379_79.6783,1,4
8733,26.6379_79.6783,1,4
8735,27.3879_80.9661,1,4
8736,27.7292_81.6283,2,4
8743,27.0879_81.0249,1,4
8744,28.2055_79.8249,1,4
8751,26.3257_82.0249,0,4
8752,26.7758_81.1750,2,4
8761,26.3967_81.7749,1,4
8763,26.1257_81.4250,1,4
8764,26.5291_82.2783,2,4
8780,26.8555_79.1073,1,4
8782,26.7468_81.3073,2,4
8787,26.4055_79.5749,1,6
8788,26.4055_79.5749,1,4
8793,27.4143_78.9749,1,4
8796,28.2758_79.5661,0,4
8797,28.2758_79.5661,0,4
8798,27.6791_80.4283,1,4
8801,27.9757_79.5749,0,4
8807,27.1143_81.5573,2,4
8808,27.3643_80.1783,1,4
8810,25.5967_81.7073,1,4
8812,26.9757_82.3249,0,4
8813,26.9757_82.3249,1,4
8815,26.0467_82.1486,1,4
8816,26.1556_81.7161,1,4
8821,27.9379_81.4749,1,6
8822,27.9379_81.4749,1,4
8826,25.5467_81.3283,1,4
8841,27.5291_82.3073,1,4
8845,25.5258_81.5749,0,4
8846,25.5258_81.5749,1,4
8847,25.5258_81.5749,0,4
8848,25.5258_81.5749,0,4
8849,26.1879_81.9573,1,4
8856,27.0791_80.3661,1,4
8857,28.2055_79.9485,1,4
8860,27.0967_79.7485,2,4
8866,27.3055_80.7661,1,4
8876,27.4968_80.0397,2,4
8890,28.0291_80.3985,0,4
8893,26.6291_81.5897,1,4
8894,27.7292_80.8749,2,4
8895,27.7292_80.8749,1,4
8899,25.9056_81.7783,1,4
8902,27.5791_82.0749,2,4
8903,26.7055_79.4250,1,4
8908,25.8792_81.0783,1,4
8911,26.4257_82.1662,1,4
8912,27.6791_79.4250,1,4
8917,26.2291_79.7897,0,4
8927,26.6791_80.8397,0,4
8928,26.6791_80.8397,1,4
8936,27.0791_79.1485,0,4
8944,28.2791_79.7283,1,4
8945,28.2791_79.7283,1,4
8947,27.7055_81.9250,1,4
8948,27.8291_81.7485,1,4
8961,27.9643_79.8897,1,4
8962,28.3055_79.9283,1,4
8966,25.8467_80.6573,1,4
8967,25.8467_80.6573,2,4
8973,26.3643_80.3249,0,4
8978,27.4968_80.9661,1,4
8981,26.5291_80.9573,1,4
8984,26.4879_80.8749,2,4
8991,27.7967_81.6985,2,4
8994,27.3879_79.4283,1,4
8997,26.3379_80.7749,1,4
8998,25.9555_81.6750,1,4
9008,26.2967_80.4897,0,4
9013,26.9467_80.8783,1,4
9017,26.0258_80.9783,1,4
9022,26.7143_81.2073,1,4
9026,25.9791_80.3661,2,4
9036,26.4257_81.5783,1,4
9042,26.3967_81.8161,1,5
9044,25.4879_81.2161,1,4
9047,28.1967_79.6249,0,4
9049,27.0757_81.3897,1,4
9052,26.1556_80.3485,2,4
9054,27.5291_79.2283,2,4
9055,25.7879_80.9073,1,4
9057,27.3758_80.3783,1,4
9058,27.1291_79.7283,1,4
9059,27.1291_79.7283,1,4
9063,27.5879_80.6750,1,4
9064,26.6555_79.2749,2,4
9065,27.9055_81.1485,2,4
9066,27.9555_81.4749,1,4
9067,28.2292_79.6073,0,4
9069,27.1879_81.9397,2,4
9070,26.6143_81.8783,1,4
9071,27.9257_80.7249,2,4
9072,27.9257_80.7249,2,4
9075,27.0879_78.8249,1,4
9077,27.7257_80.8661,2,4
9079,27.7257_80.8661,1,4
9081,27.7257_80.8661,1,4
9089,26.1380_80.2249,1,4
9094,26.1879_82.1750,1,5
9098,27.8257_79.5897,1,4
9099,27.8257_79.5897,1,4
9101,27.4555_78.8749,1,4
9111,27.5291_80.2073,1,4
9113,26.4055_81.7783,1,4
9116,27.5056_78.8749,1,4
9117,27.7292_80.2897,2,4
9121,26.1791_80.8397,1,4
9132,25.8792_80.9283,2,4
9133,28.1055_79.9749,1,4
9137,27.3467_81.7783,2,4
9138,27.3467_81.7783,1,4
9139,27.3467_81.7783,2,4
9141,26.5757_80.9897,1,4
9142,26.5757_80.9897,1,4
9143,25.8379_80.8485,1,4
9144,25.8379_80.8485,2,4
9149,27.6291_81.0749,1,4
9150,26.4291_81.5749,1,4
9151,25.5467_81.3249,1,4
9152,27.6055_80.4661,2,4
9153,26.1879_81.9485,1,4
9156,27.1143_81.3283,2,4
9157,27.3055_81.1783,1,4
9158,27.3055_81.1783,1,4
9159,26.1791_80.8283,1,4
9177,26.0879_81.8573,1,4
9186,26.2379_79.7783,0,4
9192,26.6757_81.3161,1,4
9197,27.3791_79.6073,0,4
9202,26.5056_82.2985,1,4
9205,26.6258_81.5897,1,4
9206,26.4555_81.2897,2,4
9215,25.8757_81.6283,2,4
9219,26.6757_79.1161,1,4
9220,27.6143_80.1249,2,4
9221,27.3055_79.8783,1,4
9222,26.4555_79.9250,0,4
9238,25.8757_81.0749,1,4
9243,27.3257_79.1783,2,4
9244,26.6055_81.8485,1,4
9249,28.0258_79.4161,1,4
9251,27.0879_79.7573,2,4
9252,27.8291_79.7485,0,4
9261,26.3257_80.9783,1,4
9267,27.6143_79.6783,1,4
9269,27.5879_80.0985,2,4
9271,26.2468_81.5749,2,4
9274,26.4055_81.8161,1,5
9281,26.8791_80.2749,1,4
9285,28.2791_79.5661,0,4
9286,28.2791_79.5661,0,4
9287,27.1791_81.7161,1,4
9289,26.1791_79.7783,1,4
9290,26.1791_79.7783,1,4
9296,25.6292_81.3749,1,4
9297,25.8643_81.6161,1,4
9303,25.5291_81.5661,1,6
9309,27.6791_79.4749,1,4
9311,27.3257_80.0161,1,4
9312,27.3257_80.0161,1,4
9320,25.5967_81.6397,1,4
9324,26.4555_81.8573,1,4
9325,27.9055_79.2283,1,4
9327,26.2644_81.5749,2,5
9333,26.0791_81.0661,1,5
9335,26.4467_81.5749,1,4
9336,27.1055_81.5661,2,4
9339,27.0291_80.5073,1,4
9341,26.2257_79.7897,0,4
9342,27.5291_79.4250,0,4
9358,26.7791_81.4250,2,4
9360,26.3379_81.2749,1,4
9362,26.2257_82.2249,2,4
9363,26.8758_82.4283,1,4
9365,27.1291_79.8985,2,4
9366,26.3879_79.5749,1,4
9376,27.8758_80.8073,2,4
9377,27.8758_80.8073,1,4
9380,26.2791_79.7283,1,4
9385,27.9379_81.6283,1,4
9387,27.9968_81.4985,1,4
9388,27.1055_79.7749,1,4
9389,25.6292_81.3783,1,4
9391,27.0291_80.4985,1,4
9402,27.8643_81.6249,2,4
9407,26.7291_79.2985,1,4
9410,26.9555_80.8661,2,4
9411,25.6055_81.6283,2,4
9415,26.1758_79.9783,1,4
9421,26.0791_80.6485,1,4
9423,26.7257_81.2485,1,4
9425,25.8467_80.6662,0,4
9427,26.6555_79.1249,0,4
9428,27.9467_79.7783,2,4
9436,26.6467_81.3783,1,4
9437,27.6791_79.4283,1,4
9447,27.2291_82.3073,1,4
9453,28.1291_81.4162,2,6
9458,28.2758_79.7897,1,4
9460,26.9880_82.3249,1,6
9461,26.9880_82.3249,1,4
9462,26.9880_82.3249,1,4
9469,26.5144_81.0249,1,4
9473,27.4291_79.8573,0,4
9476,27.5967_82.1486,2,4
9487,25.4258_81.2283,2,4
9492,27.1258_80.7485,2,4
9496,26.7291_81.8986,2,4
9502,26.7055_79.0749,1,4
9505,28.1879_79.3749,2,4
9511,26.0258_81.8283,1,4
9515,25.6143_81.6574,1,4
9518,26.6757_79.1073,1,4
9522,26.1292_82.0161,1,4
9524,25.5791_81.6574,1,4
9533,27.6379_79.8161,2,4
9534,25.8291_80.6249,1,4
9535,25.8291_80.6249,1,4
9536,26.7257_79.2897,1,4
9543,28.1967_80.3283,2,4
9550,26.9791_80.3161,2,4
9554,26.1257_80.2485,1,4
9556,27.2758_80.8485,1,4
9560,26.7468_81.5749,1,4
9572,25.9379_80.4985,1,4
9573,25.8555_80.6897,2,4
9575,27.5291_81.6574,2,4
9585,27.3555_79.5749,1,4
9586,27.3555_79.5749,1,4
9590,27.5258_81.6574,2,4
9591,25.8379_80.5749,2,4
9592,25.8379_80.5749,2,4
9593,25.8379_80.5749,1,4
9599,26.2379_80.6783,1,4
9606,25.5555_81.5283,1,4
9612,26.5467_82.0283,1,4
9636,27.7556_81.5073,1,4
9641,27.3291_80.9749,1,4
9643,26.3291_81.7249,1,4
9644,26.7291_81.9074,2,4
9647,26.5555_80.3897,2,4
9648,26.5555_80.3897,2,4
9649,26.7257_81.6574,1,4
9650,27.2791_81.9250,2,4
9653,26.2556_81.1249,1,4
9658,27.4257_79.7783,1,4
9659,28.1967_79.3749,2,4
9667,25.4258_81.2249,2,4
9674,25.5879_81.6897,2,4
9676,27.8257_79.7573,2,4
9679,26.4257_81.8661,1,4
9680,26.4257_81.8661,1,4
9681,25.8643_81.7573,0,4
9682,26.5757_81.6283,1,4
9684,26.6055_81.5985,1,4
9686,27.5791_82.1783,1,4
9687,26.8758_82.4161,1,4
9692,27.9257_80.7283,2,6
9700,27.7468_80.1283,1,4
9707,25.5291_81.2485,1,4
9715,25.7291_80.9897,0,4
9716,26.6757_81.3073,1,4
9717,26.6757_81.3073,1,4
9719,26.3967_81.6249,1,4
9720,27.6467_80.5073,2,4
9722,26.2758_79.6397,2,4
9723,26.8967_81.9074,0,4
9732,26.1292_81.0283,1,4
9735,26.0258_80.5161,0,4
9739,26.4291_81.9162,1,4
9741,26.3291_81.2749,1,4
9743,25.4757_81.5073,1,4
9749,25.9467_80.4985,1,4
9751,27.8758_81.5749,1,4
9752,25.8555_80.7573,2,4
9755,27.1258_81.7783,1,4
9757,27.2791_80.8485,1,4
9759,26.3791_79.7283,1,4
9760,26.2055_82.1249,1,4
9766,26.5144_81.0283,1,4
9771,25.5791_81.6750,1,6
9772,25.5791_81.6750,1,6
9774,25.9258_80.4162,1,4
9777,26.1257_80.9283,2,4
9778,26.1257_80.9283,1,4
9796,27.2758_81.9250,2,4
9806,25.7257_81.0073,0,4
9807,26.9880_81.1249,1,4
9808,26.9880_81.1249,2,5
9815,26.6055_81.1750,1,4
9820,26.5467_82.0249,1,4
9822,25.4291_81.2283,2,4
9825,26.7055_81.1750,2,4
9826,26.7055_81.1750,1,4
9838,26.8257_79.6573,1,4
9844,28.2791_79.7249,1,4
9845,28.2791_79.7249,1,4
9852,25.9791_80.3749,2,4
9853,26.4257_82.0749,1,4
9857,27.0967_78.8249,1,4
9859,25.7967_80.9162,1,4
9869,27.5056_79.8249,1,4
9870,27.8791_80.6283,2,4
9888,28.4880_79.9485,1,4
9891,25.3968_81.3073,1,4
9899,26.5791_80.9897,1,4
9900,26.5791_80.9897,1,4
9907,27.7380_80.2985,2,4
9928,26.7291_78.9661,1,4
9929,26.7291_78.9661,1,4
9931,27.2257_81.8783,1,6
9932,27.9291_80.7661,1,4
9934,27.8758_80.6249,2,4
9938,27.0056_80.3573,1,4
9939,27.0056_80.3573,1,4
9940,27.0056_80.3573,1,4
9941,26.1791_79.9783,1,4
9945,27.3291_80.0249,1,4
9947,28.1967_79.9485,1,4
9954,26.6643_79.6573,1,4
9960,26.3467_80.7783,1,4
9964,28.1379_79.5249,2,4
9966,26.4467_79.9250,0,4
9968,27.0555_81.3573,1,4
9971,27.3379_79.3573,2,4
9972,27.1379_80.7283,2,4
9975,27.6143_80.4661,2,4
9976,26.0791_81.8073,1,4
9985,27.5291_79.4283,0,4
9988,26.3379_80.2783,2,4
9989,26.3379_80.2783,1,4
10003,26.1879_79.8249,0,6
10004,26.1879_79.8249,1,4
10007,27.4880_79.9783,1,5
10014,26.5555_80.4283,0,4
10017,26.7257_81.1574,2,4
10029,27.4379_80.1161,0,4
10030,26.2758_79.6485,2,4
10036,26.0258_80.7397,1,4
10040,26.4291_81.8485,1,4
10047,26.7758_79.0485,1,4
10048,26.7758_79.0485,1,4
10051,25.7758_81.9250,1,4
10052,26.3967_80.7249,1,4
10055,26.0791_81.6249,1,4
10056,26.8758_81.1783,2,4
10061,27.8379_81.7749,1,4
10066,27.6055_82.1574,2,4
10081,26.8643_79.0985,1,4
10083,26.3379_81.2661,1,4
10093,26.1257_81.4162,1,4
10101,27.5757_79.0985,1,4
10103,26.8143_78.9249,1,4
10106,27.0291_81.8783,1,4
10124,27.8791_81.5749,1,4
10129,26.7758_81.1783,2,4
10131,27.5555_78.9283,2,4
10152,27.2758_80.8249,1,4
10153,27.2758_80.8249,1,4
10169,25.9467_81.6783,1,4
10176,28.2055_80.3283,2,4
10177,27.4792_80.1161,2,4
10180,28.1291_81.4283,1,4
10192,26.4291_82.0661,1,4
10193,26.5379_79.8783,1,4
10195,27.0643_82.3985,0,4
10196,25.9879_80.9783,0,4
10206,28.2791_79.7985,1,4
10207,26.9555_80.4661,2,4
10208,25.8792_81.8986,2,4
10211,27.5643_80.9397,2,4
10219,27.7879_81.8749,2,4
10224,27.5467_79.7283,1,4
10226,26.8967_82.4073,1,4
10227,26.8967_82.4073,1,4
10229,26.3291_80.2749,0,4
10230,26.3291_80.2749,0,4
10231,26.3291_80.2749,2,4
10232,26.3291_80.2749,1,4
10236,26.8967_82.4161,1,4
10240,26.1791_80.8249,1,4
10242,27.6291_82.1574,1,4
10246,26.6055_81.1783,1,4
10248,27.6757_80.4250,1,4
10249,27.6757_80.4250,1,4
10250,26.2379_81.3161,1,4
10255,25.9258_82.0397,1,4
10256,26.1556_81.1662,2,5
10263,25.9555_80.4573,1,4
10268,27.1055_80.7397,1,4
10271,26.7967_82.3283,1,4
10272,27.8791_80.8161,1,4
10275,26.2257_82.2161,2,4
10278,27.1291_81.7783,1,4
10279,26.4257_81.7573,1,4
10280,26.4257_81.7573,1,4
10286,26.7791_81.2749,1,4
10287,26.7791_81.2749,1,4
10288,26.7791_81.2749,1,4
10290,27.3291_80.9783,1,4
10295,27.8291_79.9161,2,6
10296,26.5144_82.2985,1,4
10301,27.7257_79.4161,1,4
10302,27.7257_79.4161,1,4
10305,25.8467_81.8783,1,4
10306,27.5379_78.8749,1,4
10307,27.5379_78.8749,1,4
10308,26.7291_79.0661,1,4
10311,26.9555_80.8749,1,4
10315,26.9555_80.8749,2,5
10316,27.0643_78.8283,1,4
10318,27.5258_82.3161,1,4
10320,28.0258_79.4250,1,4
10321,28.0258_79.4250,1,4
10322,25.9757_81.2249,1,4
10326,26.1791_80.8161,1,4
10328,27.0757_80.3661,1,4
10335,26.0879_81.8661,1,4
10348,27.0258_79.5073,1,4
10353,26.4467_81.8749,1,4
10356,28.0258_80.3985,0,4
10358,26.5467_79.4783,2,4
10361,27.3055_79.8249,1,4
10364,27.6757_79.4749,1,4
10366,27.7879_81.6985,2,4
10368,27.5555_79.8249,2,4
10372,26.4968_80.8749,2,4
10373,27.0879_81.0283,1,4
10379,26.7791_81.1750,2,4
10380,26.2791_81.0783,1,4
10384,27.1757_80.8783,2,4
10387,27.1291_79.6750,0,4
10388,27.1291_79.6750,1,4
10392,27.8467_80.2485,1,4
10394,26.0757_81.8161,1,4
10396,25.7257_80.9985,0,4
10397,25.8555_80.7749,1,4
10398,25.8555_80.7749,1,4
10400,26.3757_79.2073,1,4
10405,27.5258_80.2161,1,4
10410,27.8555_81.5161,2,4
10411,27.8555_81.5161,1,4
10417,26.5967_79.2661,1,4
10423,26.4757_82.3749,2,4
10425,27.4055_82.1783,1,4
10427,27.1555_81.7249,1,4
10433,26.9555_81.8749,2,4
10434,26.9257_79.4749,1,4
10439,26.3967_79.5783,1,4
10440,26.2379_79.7749,0,4
10443,26.9467_81.0283,2,4
10444,26.9467_81.0283,2,4
10445,26.9467_81.0283,1,4
10447,27.4291_80.1283,1,4
10458,27.4291_79.7749,1,4
10461,27.9792_81.5573,2,4
10462,27.3257_78.9283,1,4
10464,25.7879_81.5573,1,4
10465,25.7879_81.5573,1,4
10466,28.1555_79.9749,2,4
10469,26.6291_81.4250,1,4
10471,27.2791_81.9283,2,4
10473,27.4880_79.9661,1,5
10475,27.0467_79.7249,1,4
10478,27.5258_79.8283,1,4
10480,26.6379_80.6283,0,4
10482,26.6379_80.6283,0,4
10483,27.6791_80.5749,2,4
10484,26.9757_82.3283,1,4
10490,26.9968_82.3249,1,4
10493,27.5879_79.0249,1,4
10496,26.9757_81.0485,2,4
10497,26.9757_81.0485,2,4
10499,26.1468_80.1397,1,4
10503,26.6379_81.9661,1,4
10509,27.5791_79.0985,1,4
10511,26.2257_79.7783,1,4
10513,26.2257_79.7783,0,4
10515,26.2257_79.7783,0,4
10523,26.7758_81.1073,0,4
10529,28.0258_80.3897,0,4
10531,28.0555_79.7283,2,4
10532,28.2758_79.8283,2,4
10533,25.9258_81.2573,2,4
10535,27.6258_80.2897,2,4
10536,25.9757_81.8573,1,4
10544,26.8791_81.1073,1,4
10548,26.5379_82.2783,2,4
10556,25.4056_81.2485,1,4
10572,26.8791_81.1249,2,4
10581,26.6555_79.7073,1,4
10584,27.9757_81.4485,1,4
10586,28.3143_79.9250,1,4
10588,26.1967_80.2783,2,4
10592,26.9968_79.2573,1,4
10595,25.9757_81.8485,1,4
10598,27.8467_81.7749,1,4
10599,26.6757_80.8283,0,4
10601,26.6757_80.8283,0,4
10602,26.6757_80.8283,0,4
10603,26.6757_80.8283,1,4
10605,26.3879_81.1283,1,4
10610,28.2791_79.5073,0,4
10613,26.8967_82.4249,1,4
10615,27.8257_79.7661,2,4
10621,26.2257_80.2783,2,4
10622,26.5643_81.6283,1,4
10634,26.8967_81.9162,0,4
10639,27.5791_81.6283,1,4
10640,27.5791_81.6283,1,4
10647,27.5258_79.2249,2,4
10649,26.2556_80.6783,1,4
10650,26.4467_80.5573,1,4
10651,26.1257_81.4074,1,4
10656,27.5791_81.6249,1,4
10657,27.5791_81.6249,1,4
10665,28.0879_80.0397,1,4
10670,27.3143_79.8749,1,4
10671,27.2468_79.0783,1,4
10672,26.7380_81.3073,2,4
10675,27.1379_82.3485,1,4
10677,26.6379_79.2161,0,4
10683,26.1257_80.2573,1,4
10689,27.2257_79.2661,1,4
10695,25.7257_81.6161,1,4
10696,25.7257_81.6161,1,4
10699,28.0291_79.9783,1,4
10700,26.8055_81.1783,1,4
10703,26.8055_81.1783,2,4
10717,26.7143_79.4283,1,4
10724,27.4467_80.1073,0,4
10726,28.2967_79.6573,2,4
10736,26.9757_80.3161,2,4
10738,26.5643_80.2283,0,4
10739,26.0258_81.4397,1,4
10748,26.7791_81.2661,1,4
10749,26.7791_81.2661,2,4
10753,27.6967_81.5397,2,4
10757,26.4467_79.5249,2,4
10759,27.5258_80.2073,1,4
10769,27.0757_80.3161,1,4
10770,25.7143_81.0249,0,4
10773,25.7758_80.6283,1,4
10774,25.7758_80.6283,0,4
10781,26.0056_81.9250,1,4
10783,27.2291_81.1283,2,4
10784,26.0757_81.6249,1,4
10787,26.4291_80.5573,1,5
10789,28.0056_81.5749,2,4
10790,26.7257_79.2985,1,4
10791,27.9291_80.7749,0,4
10792,27.9291_80.7749,1,4
10793,27.9291_80.7749,1,4
10794,27.9291_80.7749,2,4
10796,26.8758_81.1161,2,4
10817,27.0879_79.1485,0,4
10818,26.7055_81.9897,1,4
10820,27.6258_81.9283,1,4
10822,26.6643_79.1283,0,4
10824,27.0258_80.9250,1,5
10825,27.0258_80.9250,1,4
10826,25.9467_81.8283,1,4
10829,27.3467_80.1783,1,4
10831,25.6556_81.7749,2,4
10838,27.8055_80.4250,2,4
10839,27.8055_80.4250,2,4
10849,27.3291_79.5073,1,4
10852,26.1292_80.2573,1,4
10856,27.6791_80.0249,1,4
10857,26.9257_81.4283,1,4
10862,26.9291_79.3249,1,4
10867,26.5791_79.4397,1,4
10872,27.0879_78.8283,1,4
10875,27.5467_79.7249,1,4
10890,26.9555_81.8661,2,4
10899,26.8379_81.1485,2,4
10903,27.5467_78.8749,1,4
10914,25.5258_81.5661,1,6
10920,26.0757_81.8283,1,4
10921,26.0757_81.8283,1,4
10928,26.4291_81.9283,0,4
10930,25.7758_81.2283,0,4
10931,25.7758_81.2283,0,4
10933,27.1291_81.2161,1,4
10938,25.4757_81.4985,1,4
10939,26.2791_79.7485,1,4
10940,26.2791_79.7485,1,4
10942,26.8291_80.0783,1,4
10945,27.5291_78.8749,1,4
10948,26.0757_80.6485,1,4
10950,27.7556_81.5485,2,4
10953,26.3467_80.7749,1,4
10959,25.7967_81.4985,2,4
10960,26.4291_82.0283,1,4
10963,26.0791_80.6573,1,4
10966,27.3967_80.2661,1,4
10977,27.1291_80.7485,2,4
10979,26.9055_82.3985,1,4
10980,27.0791_80.3161,1,4
10993,27.8791_79.3249,1,4
10995,26.9379_78.8573,1,4
10998,27.5258_82.3073,1,4
10999,27.7143_78.9749,2,4
11000,27.7143_78.9749,1,4
11001,26.5757_81.7283,1,4
11012,28.2055_79.6249,0,4
11037,25.8968_80.5985,1,4
11042,27.8791_79.2783,2,4
11043,25.5879_81.6662,1,4
11045,25.4379_81.2985,1,4
11047,27.8555_81.6249,2,4
11051,26.9467_80.4661,2,4
11054,26.0291_80.4250,0,4
11055,26.0291_80.4250,2,4
11057,26.1879_79.8283,1,4
11061,27.6791_80.4749,2,4
11062,27.6791_80.4749,2,4
11069,27.6791_79.4783,1,4
11085,27.6967_80.0161,2,4
11090,27.3055_79.8749,1,4
11091,27.2468_79.0749,1,4
11094,27.0291_79.4985,1,4
11101,26.4757_81.3985,0,4
11102,26.4757_81.3985,2,4
11115,26.5056_81.6662,1,4
11117,26.1791_81.7073,1,4
11118,27.5643_78.9249,2,4
11120,27.4257_81.9661,1,4
11124,26.7291_81.1485,2,4
11127,25.5258_81.5485,1,4
11129,26.9880_79.3985,1,4
11132,26.7291_78.9573,1,4
11133,26.7291_78.9573,1,4
11134,26.7291_78.9573,1,4
11140,28.1967_80.0485,0,4
11141,27.9968_81.5749,1,4
11142,27.9968_81.5749,2,4
11144,27.1055_79.2661,2,4
11145,26.5144_81.6750,1,4
11150,27.0791_81.3985,1,4
11157,27.3379_79.1783,0,4
11162,25.9291_82.0485,1,4
11168,28.0291_79.4161,1,4
11184,26.7291_81.6574,1,4
11185,26.8467_81.4485,1,4
11187,25.9467_81.2485,1,4
11191,26.9257_78.8573,1,4
11193,27.1258_81.7161,1,4
11195,27.8379_81.7573,1,4
11196,26.7257_81.9074,2,4
11197,26.7380_81.5783,1,4
11199,27.9257_80.8161,2,4
11206,25.9467_81.2397,1,4
11210,27.3555_80.8749,1,4
11212,27.8555_80.3749,1,4
11225,26.5791_81.6283,1,4
11226,27.8791_80.0397,2,4
11227,25.8257_80.6283,1,4
11229,25.3968_81.2485,1,4
11232,26.8291_79.6573,1,4
11233,27.7758_80.5985,2,4
11258,27.3379_79.3661,2,4
11259,27.4055_82.1897,1,4
11265,27.3257_80.0249,1,4
11267,26.6143_81.1783,1,4
11274,26.0467_80.5783,1,4
11277,25.8792_81.8749,1,4
11278,26.4257_80.5661,1,4
11280,26.9291_81.8283,1,4
11281,25.8257_80.6783,2,4
11284,26.9467_81.8749,2,4
11290,26.5555_81.6283,1,4
11291,26.6757_79.5749,1,4
11297,25.5555_81.5249,1,4
11299,26.1380_81.0249,1,4
11300,25.8291_81.5249,1,4
11301,25.8291_81.5249,1,4
11302,25.8291_81.5249,1,4
11309,27.1967_79.5749,1,4
11313,26.7758_81.4283,2,4
11315,26.7879_81.7749,1,4
11318,27.3143_80.6662,1,4
